   1     1  0.236358E-02  0.120461E-02  0.115897E-02  0.167804E+00
   1     2  0.643310E-02  0.321565E-02  0.321745E-02  0.540098E+00
   1     3  0.196431E-01  0.921414E-02  0.104290E-01  0.209180E+01
   1     4  0.325348E-01  0.142663E-01  0.182685E-01  0.453821E+01
   1     5  0.382133E-01  0.162113E-01  0.220020E-01  0.689586E+01
   1     6  0.401303E-01  0.167961E-01  0.233343E-01  0.905873E+01
   1     7  0.408426E-01  0.170110E-01  0.238316E-01  0.110988E+02
   1     8  0.410495E-01  0.170889E-01  0.239605E-01  0.130734E+02
   2     1  0.386875E-02  0.197397E-02  0.189479E-02  0.226187E+00
   2     2  0.905815E-02  0.449120E-02  0.456694E-02  0.620624E+00
   2     3  0.242138E-01  0.112720E-01  0.129418E-01  0.211188E+01
   2     4  0.382143E-01  0.166777E-01  0.215366E-01  0.439835E+01
   2     5  0.444881E-01  0.188467E-01  0.256415E-01  0.667506E+01
   2     6  0.467485E-01  0.195453E-01  0.272033E-01  0.878989E+01
   2     7  0.475230E-01  0.197841E-01  0.277389E-01  0.108114E+02
   2     8  0.479088E-01  0.199338E-01  0.279750E-01  0.127799E+02
   3     1  0.550666E-02  0.279382E-02  0.271284E-02  0.274403E+00
   3     2  0.116771E-01  0.576847E-02  0.590867E-02  0.673060E+00
   3     3  0.285695E-01  0.131961E-01  0.153734E-01  0.209526E+01
   3     4  0.437808E-01  0.190960E-01  0.246848E-01  0.426781E+01
   3     5  0.506786E-01  0.214102E-01  0.292684E-01  0.646511E+01
   3     6  0.533766E-01  0.222942E-01  0.310824E-01  0.855617E+01
   3     7  0.543083E-01  0.226021E-01  0.317062E-01  0.105660E+02
   3     8  0.547118E-01  0.227721E-01  0.319397E-01  0.125287E+02
   4     1  0.718862E-02  0.364239E-02  0.354623E-02  0.311290E+00
   4     2  0.142079E-01  0.699288E-02  0.721499E-02  0.704084E+00
   4     3  0.327176E-01  0.150372E-01  0.176804E-01  0.206166E+01
   4     4  0.491505E-01  0.213576E-01  0.277929E-01  0.413750E+01
   4     5  0.568609E-01  0.240231E-01  0.328378E-01  0.628133E+01
   4     6  0.599142E-01  0.250171E-01  0.348971E-01  0.834494E+01
   4     7  0.610361E-01  0.254440E-01  0.355921E-01  0.103485E+02
   4     8  0.614474E-01  0.255793E-01  0.358681E-01  0.123081E+02
   5     1  0.879670E-02  0.443861E-02  0.435808E-02  0.338607E+00
   5     2  0.165768E-01  0.809626E-02  0.848058E-02  0.719911E+00
   5     3  0.366246E-01  0.167551E-01  0.198695E-01  0.201656E+01
   5     4  0.544168E-01  0.236379E-01  0.307789E-01  0.401344E+01
   5     5  0.629400E-01  0.265960E-01  0.363441E-01  0.611766E+01
   5     6  0.664208E-01  0.277579E-01  0.386629E-01  0.815798E+01
   5     7  0.677474E-01  0.282162E-01  0.395312E-01  0.101542E+02
   5     8  0.683417E-01  0.284137E-01  0.399280E-01  0.121072E+02
   6     1  0.103088E-01  0.519218E-02  0.511664E-02  0.356661E+00
   6     2  0.187857E-01  0.913354E-02  0.965217E-02  0.724917E+00
   6     3  0.403420E-01  0.184007E-01  0.219414E-01  0.196963E+01
   6     4  0.595838E-01  0.258011E-01  0.337827E-01  0.390281E+01
   6     5  0.691288E-01  0.291773E-01  0.399515E-01  0.596726E+01
   6     6  0.729697E-01  0.304818E-01  0.424880E-01  0.799176E+01
   6     7  0.744995E-01  0.310631E-01  0.434363E-01  0.997356E+01
   6     8  0.750828E-01  0.312626E-01  0.438201E-01  0.119271E+02
   7     1  0.117139E-01  0.587419E-02  0.583969E-02  0.368322E+00
   7     2  0.207786E-01  0.100649E-01  0.107137E-01  0.723671E+00
   7     3  0.439116E-01  0.199451E-01  0.239664E-01  0.191481E+01
   7     4  0.646381E-01  0.279840E-01  0.366541E-01  0.379137E+01
   7     5  0.750653E-01  0.316643E-01  0.434010E-01  0.582537E+01
   7     6  0.794022E-01  0.331452E-01  0.462570E-01  0.783518E+01
   7     7  0.811398E-01  0.337944E-01  0.473455E-01  0.981038E+01
   7     8  0.819139E-01  0.340635E-01  0.478504E-01  0.117571E+02
   8     1  0.129628E-01  0.646995E-02  0.649286E-02  0.375765E+00
   8     2  0.226699E-01  0.109201E-01  0.117498E-01  0.717620E+00
   8     3  0.472740E-01  0.213956E-01  0.258784E-01  0.186601E+01
   8     4  0.695954E-01  0.300732E-01  0.395221E-01  0.369398E+01
   8     5  0.809544E-01  0.341427E-01  0.468117E-01  0.569593E+01
   8     6  0.858491E-01  0.358844E-01  0.499647E-01  0.769256E+01
   8     7  0.878111E-01  0.365988E-01  0.512123E-01  0.965924E+01
   8     8  0.886796E-01  0.369535E-01  0.517261E-01  0.116082E+02
   9     1  0.141071E-01  0.701444E-02  0.709268E-02  0.377980E+00
   9     2  0.244024E-01  0.117084E-01  0.126940E-01  0.706206E+00
   9     3  0.505417E-01  0.228231E-01  0.277186E-01  0.181580E+01
   9     4  0.745483E-01  0.321701E-01  0.423782E-01  0.359839E+01
   9     5  0.868463E-01  0.366135E-01  0.502328E-01  0.557471E+01
   9     6  0.923117E-01  0.385430E-01  0.537687E-01  0.756048E+01
   9     7  0.945838E-01  0.393885E-01  0.551953E-01  0.952103E+01
   9     8  0.955482E-01  0.397567E-01  0.557915E-01  0.114626E+02
  10     1  0.151042E-01  0.749289E-02  0.761133E-02  0.377453E+00
  10     2  0.259611E-01  0.124099E-01  0.135512E-01  0.694819E+00
  10     3  0.536442E-01  0.241615E-01  0.294827E-01  0.176761E+01
  10     4  0.792723E-01  0.341912E-01  0.450811E-01  0.351013E+01
  10     5  0.927895E-01  0.390947E-01  0.536948E-01  0.546730E+01
  10     6  0.987254E-01  0.412670E-01  0.574583E-01  0.743684E+01
  10     7  0.101217E+00  0.421824E-01  0.590344E-01  0.939387E+01
  10     8  0.102215E+00  0.425752E-01  0.596395E-01  0.113350E+02
  11     1  0.159751E-01  0.787482E-02  0.810024E-02  0.374434E+00
  11     2  0.273928E-01  0.130660E-01  0.143268E-01  0.680834E+00
  11     3  0.566178E-01  0.254389E-01  0.311789E-01  0.171979E+01
  11     4  0.840870E-01  0.361852E-01  0.479018E-01  0.342708E+01
  11     5  0.986667E-01  0.415564E-01  0.571103E-01  0.535912E+01
  11     6  0.105078E+00  0.438446E-01  0.612337E-01  0.731785E+01
  11     7  0.107835E+00  0.449112E-01  0.629239E-01  0.927396E+01
  11     8  0.108960E+00  0.453550E-01  0.636049E-01  0.112087E+02
  12     1  0.167032E-01  0.821548E-02  0.848772E-02  0.369844E+00
  12     2  0.287290E-01  0.136079E-01  0.151211E-01  0.665310E+00
  12     3  0.595019E-01  0.266944E-01  0.328076E-01  0.167477E+01
  12     4  0.886592E-01  0.381343E-01  0.505248E-01  0.334674E+01
  12     5  0.104404E+00  0.439773E-01  0.604272E-01  0.526274E+01
  12     6  0.111453E+00  0.465058E-01  0.649469E-01  0.720914E+01
  12     7  0.114326E+00  0.475942E-01  0.667322E-01  0.915583E+01
  12     8  0.115852E+00  0.482006E-01  0.676509E-01  0.110918E+02
  13     1  0.173639E-01  0.849971E-02  0.886419E-02  0.363612E+00
  13     2  0.298485E-01  0.141113E-01  0.157371E-01  0.650604E+00
  13     3  0.623259E-01  0.278836E-01  0.344423E-01  0.163217E+01
  13     4  0.931376E-01  0.400878E-01  0.530498E-01  0.327233E+01
  13     5  0.110114E+00  0.463866E-01  0.637272E-01  0.516054E+01
  13     6  0.117821E+00  0.492104E-01  0.686109E-01  0.710550E+01
  13     7  0.121102E+00  0.504570E-01  0.706452E-01  0.904750E+01
  13     8  0.122534E+00  0.510554E-01  0.714791E-01  0.109830E+02
  14     1  0.179290E-01  0.875078E-02  0.917819E-02  0.357012E+00
  14     2  0.309575E-01  0.145871E-01  0.163704E-01  0.635005E+00
  14     3  0.649164E-01  0.289644E-01  0.359519E-01  0.158918E+01
  14     4  0.976800E-01  0.419519E-01  0.557281E-01  0.320179E+01
  14     5  0.115752E+00  0.487080E-01  0.670439E-01  0.507240E+01
  14     6  0.124182E+00  0.518154E-01  0.723669E-01  0.700929E+01
  14     7  0.127733E+00  0.532238E-01  0.745087E-01  0.894918E+01
  14     8  0.129208E+00  0.537379E-01  0.754700E-01  0.108834E+02
  15     1  0.183782E-01  0.892960E-02  0.944855E-02  0.349357E+00
  15     2  0.319275E-01  0.149786E-01  0.169489E-01  0.618669E+00
  15     3  0.674715E-01  0.300696E-01  0.374019E-01  0.154867E+01
  15     4  0.102061E+00  0.438056E-01  0.582558E-01  0.313380E+01
  15     5  0.121339E+00  0.510211E-01  0.703183E-01  0.498941E+01
  15     6  0.130522E+00  0.545152E-01  0.760066E-01  0.691401E+01
  15     7  0.134324E+00  0.559839E-01  0.783402E-01  0.885560E+01
  15     8  0.136139E+00  0.566278E-01  0.795109E-01  0.107846E+02
  16     1  0.187253E-01  0.907974E-02  0.964557E-02  0.340977E+00
  16     2  0.327337E-01  0.153084E-01  0.174253E-01  0.602266E+00
  16     3  0.698071E-01  0.310448E-01  0.387623E-01  0.151273E+01
  16     4  0.106408E+00  0.456406E-01  0.607678E-01  0.307158E+01
  16     5  0.127122E+00  0.534157E-01  0.737064E-01  0.491167E+01
  16     6  0.136790E+00  0.571029E-01  0.796873E-01  0.682755E+01
  16     7  0.140994E+00  0.587243E-01  0.822693E-01  0.876036E+01
  16     8  0.142923E+00  0.594774E-01  0.834452E-01  0.106910E+02
  17     1  0.190103E-01  0.917519E-02  0.983507E-02  0.331865E+00
  17     2  0.334863E-01  0.156351E-01  0.178512E-01  0.586967E+00
  17     3  0.722525E-01  0.320780E-01  0.401745E-01  0.147410E+01
  17     4  0.110682E+00  0.474391E-01  0.632433E-01  0.301001E+01
  17     5  0.132699E+00  0.557942E-01  0.769046E-01  0.483416E+01
  17     6  0.143104E+00  0.597275E-01  0.833761E-01  0.674379E+01
  17     7  0.147451E+00  0.613629E-01  0.860885E-01  0.867058E+01
  17     8  0.149616E+00  0.622232E-01  0.873927E-01  0.106035E+02
  18     1  0.191814E-01  0.924294E-02  0.993841E-02  0.323929E+00
  18     2  0.341521E-01  0.158924E-01  0.182597E-01  0.571512E+00
  18     3  0.744497E-01  0.329667E-01  0.414829E-01  0.143980E+01
  18     4  0.114937E+00  0.492002E-01  0.657368E-01  0.295075E+01
  18     5  0.138163E+00  0.581042E-01  0.800585E-01  0.476012E+01
  18     6  0.149113E+00  0.622587E-01  0.868544E-01  0.666318E+01
  18     7  0.154149E+00  0.642635E-01  0.898854E-01  0.858872E+01
  18     8  0.156277E+00  0.651258E-01  0.911511E-01  0.105186E+02
  19     1  0.193114E-01  0.928175E-02  0.100297E-01  0.313983E+00
  19     2  0.347338E-01  0.161283E-01  0.186054E-01  0.555087E+00
  19     3  0.765614E-01  0.338581E-01  0.427034E-01  0.140520E+01
  19     4  0.119184E+00  0.509546E-01  0.682295E-01  0.289388E+01
  19     5  0.143574E+00  0.603097E-01  0.832644E-01  0.469273E+01
  19     6  0.155540E+00  0.648785E-01  0.906612E-01  0.658831E+01
  19     7  0.160772E+00  0.669484E-01  0.938238E-01  0.851159E+01
  19     8  0.163248E+00  0.679610E-01  0.952869E-01  0.104337E+02
  20     1  0.193821E-01  0.929369E-02  0.100884E-01  0.304593E+00
  20     2  0.352140E-01  0.163018E-01  0.189123E-01  0.540580E+00
  20     3  0.786716E-01  0.346651E-01  0.440065E-01  0.137301E+01
  20     4  0.123152E+00  0.526450E-01  0.705071E-01  0.284286E+01
  20     5  0.149153E+00  0.626221E-01  0.865308E-01  0.462480E+01
  20     6  0.161668E+00  0.675115E-01  0.941569E-01  0.651443E+01
  20     7  0.167304E+00  0.696757E-01  0.976287E-01  0.843041E+01
  20     8  0.169735E+00  0.706990E-01  0.990360E-01  0.103585E+02
  21     1  0.194050E-01  0.926148E-02  0.101435E-01  0.295065E+00
  21     2  0.356461E-01  0.164735E-01  0.191726E-01  0.525215E+00
  21     3  0.806974E-01  0.355048E-01  0.451926E-01  0.134044E+01
  21     4  0.127198E+00  0.542779E-01  0.729204E-01  0.279061E+01
  21     5  0.154809E+00  0.649581E-01  0.898513E-01  0.456174E+01
  21     6  0.167894E+00  0.700148E-01  0.978794E-01  0.644293E+01
  21     7  0.173780E+00  0.723727E-01  0.101408E+00  0.835968E+01
  21     8  0.176490E+00  0.734506E-01  0.103039E+00  0.102869E+02
  22     1  0.193178E-01  0.921286E-02  0.101049E-01  0.286457E+00
  22     2  0.360381E-01  0.165913E-01  0.194467E-01  0.510748E+00
  22     3  0.824602E-01  0.362922E-01  0.461680E-01  0.131090E+01
  22     4  0.131193E+00  0.559609E-01  0.752320E-01  0.274040E+01
  22     5  0.160085E+00  0.672141E-01  0.928712E-01  0.449944E+01
  22     6  0.174106E+00  0.725664E-01  0.101539E+00  0.637748E+01
  22     7  0.180391E+00  0.750800E-01  0.105311E+00  0.828978E+01
  22     8  0.183333E+00  0.762888E-01  0.107044E+00  0.102113E+02
  23     1  0.192281E-01  0.913461E-02  0.100935E-01  0.276656E+00
  23     2  0.362264E-01  0.166617E-01  0.195648E-01  0.495945E+00
  23     3  0.843581E-01  0.370115E-01  0.473467E-01  0.128217E+01
  23     4  0.135092E+00  0.576570E-01  0.774350E-01  0.269364E+01
  23     5  0.165335E+00  0.693813E-01  0.959540E-01  0.443697E+01
  23     6  0.180192E+00  0.751712E-01  0.105021E+00  0.630704E+01
  23     7  0.186997E+00  0.778211E-01  0.109175E+00  0.822112E+01
  23     8  0.190134E+00  0.791317E-01  0.111002E+00  0.101440E+02
  24     1  0.191029E-01  0.907107E-02  0.100318E-01  0.267463E+00
  24     2  0.364750E-01  0.167365E-01  0.197384E-01  0.481899E+00
  24     3  0.860915E-01  0.377521E-01  0.483394E-01  0.125420E+01
  24     4  0.138967E+00  0.592060E-01  0.797607E-01  0.264805E+01
  24     5  0.170643E+00  0.715510E-01  0.990918E-01  0.438084E+01
  24     6  0.186262E+00  0.776635E-01  0.108598E+00  0.624368E+01
  24     7  0.193509E+00  0.806143E-01  0.112894E+00  0.815438E+01
  24     8  0.196538E+00  0.817556E-01  0.114782E+00  0.100749E+02
  25     1  0.189184E-01  0.894827E-02  0.997009E-02  0.258559E+00
  25     2  0.365868E-01  0.167169E-01  0.198699E-01  0.468185E+00
  25     3  0.878032E-01  0.384033E-01  0.493999E-01  0.122647E+01
  25     4  0.142668E+00  0.607268E-01  0.819415E-01  0.260418E+01
  25     5  0.175730E+00  0.737433E-01  0.101987E+00  0.432569E+01
  25     6  0.192494E+00  0.803250E-01  0.112169E+00  0.618279E+01
  25     7  0.199908E+00  0.833120E-01  0.116596E+00  0.809365E+01
  25     8  0.203497E+00  0.846657E-01  0.118831E+00  0.100105E+02
  26     1  0.186910E-01  0.883619E-02  0.985483E-02  0.249333E+00
  26     2  0.366946E-01  0.167363E-01  0.199583E-01  0.454638E+00
  26     3  0.892144E-01  0.389943E-01  0.502201E-01  0.119949E+01
  26     4  0.146382E+00  0.623117E-01  0.840702E-01  0.256096E+01
  26     5  0.181313E+00  0.760285E-01  0.105285E+00  0.427403E+01
  26     6  0.198596E+00  0.827895E-01  0.115807E+00  0.612698E+01
  26     7  0.206464E+00  0.859817E-01  0.120482E+00  0.802905E+01
  26     8  0.210235E+00  0.874461E-01  0.122788E+00  0.994869E+01
  27     1  0.184318E-01  0.869427E-02  0.973758E-02  0.240328E+00
  27     2  0.366552E-01  0.167156E-01  0.199396E-01  0.441226E+00
  27     3  0.907990E-01  0.396218E-01  0.511772E-01  0.117447E+01
  27     4  0.150081E+00  0.638359E-01  0.862449E-01  0.251915E+01
  27     5  0.186428E+00  0.782483E-01  0.108180E+00  0.422183E+01
  27     6  0.204560E+00  0.853130E-01  0.119247E+00  0.606863E+01
  27     7  0.212805E+00  0.884702E-01  0.124335E+00  0.796640E+01
  27     8  0.217015E+00  0.902093E-01  0.126806E+00  0.988898E+01
  28     1  0.181178E-01  0.853041E-02  0.958739E-02  0.232209E+00
  28     2  0.366607E-01  0.166633E-01  0.199975E-01  0.428828E+00
  28     3  0.921676E-01  0.401652E-01  0.520024E-01  0.115089E+01
  28     4  0.153792E+00  0.653310E-01  0.884609E-01  0.248218E+01
  28     5  0.191679E+00  0.803983E-01  0.111281E+00  0.416886E+01
  28     6  0.210776E+00  0.878577E-01  0.122919E+00  0.601229E+01
  28     7  0.219592E+00  0.914826E-01  0.128110E+00  0.790917E+01
  28     8  0.223514E+00  0.931738E-01  0.130340E+00  0.983045E+01
  29     1  0.178120E-01  0.837833E-02  0.943366E-02  0.223300E+00
  29     2  0.365978E-01  0.166350E-01  0.199628E-01  0.415320E+00
  29     3  0.935164E-01  0.406371E-01  0.528794E-01  0.112620E+01
  29     4  0.157344E+00  0.667775E-01  0.905665E-01  0.244145E+01
  29     5  0.196566E+00  0.824172E-01  0.114148E+00  0.412269E+01
  29     6  0.216692E+00  0.902903E-01  0.126402E+00  0.596105E+01
  29     7  0.226115E+00  0.941468E-01  0.131968E+00  0.785793E+01
  29     8  0.230390E+00  0.958106E-01  0.134579E+00  0.977037E+01
  30     1  0.174777E-01  0.820716E-02  0.927051E-02  0.215182E+00
  30     2  0.364432E-01  0.165296E-01  0.199136E-01  0.403780E+00
  30     3  0.948125E-01  0.411377E-01  0.536748E-01  0.110331E+01
  30     4  0.160812E+00  0.683093E-01  0.925025E-01  0.240478E+01
  30     5  0.201980E+00  0.846197E-01  0.117361E+00  0.407221E+01
  30     6  0.222730E+00  0.928872E-01  0.129843E+00  0.590902E+01
  30     7  0.232615E+00  0.968882E-01  0.135727E+00  0.780159E+01
  30     8  0.236785E+00  0.985771E-01  0.138208E+00  0.971580E+01
  31     1  0.171371E-01  0.801583E-02  0.912131E-02  0.206949E+00
  31     2  0.363136E-01  0.164610E-01  0.198526E-01  0.391381E+00
  31     3  0.960546E-01  0.415978E-01  0.544568E-01  0.108165E+01
  31     4  0.164268E+00  0.696548E-01  0.946128E-01  0.237072E+01
  31     5  0.207272E+00  0.867829E-01  0.120490E+00  0.402844E+01
  31     6  0.228663E+00  0.953518E-01  0.133311E+00  0.585712E+01
  31     7  0.238894E+00  0.994585E-01  0.139436E+00  0.774554E+01
  31     8  0.243526E+00  0.101361E+00  0.142165E+00  0.966583E+01
  32     1  0.167172E-01  0.782732E-02  0.888983E-02  0.199134E+00
  32     2  0.361190E-01  0.163574E-01  0.197616E-01  0.380157E+00
  32     3  0.970892E-01  0.421118E-01  0.549775E-01  0.105852E+01
  32     4  0.167773E+00  0.710817E-01  0.966916E-01  0.233531E+01
  32     5  0.212067E+00  0.888081E-01  0.123259E+00  0.398813E+01
  32     6  0.234623E+00  0.977654E-01  0.136858E+00  0.580811E+01
  32     7  0.245434E+00  0.102140E+00  0.143294E+00  0.769530E+01
  32     8  0.250483E+00  0.104265E+00  0.146218E+00  0.961097E+01
  33     1  0.163512E-01  0.763672E-02  0.871445E-02  0.191383E+00
  33     2  0.358311E-01  0.162037E-01  0.196273E-01  0.368370E+00
  33     3  0.981901E-01  0.425092E-01  0.556810E-01  0.103744E+01
  33     4  0.170938E+00  0.724082E-01  0.985303E-01  0.230177E+01
  33     5  0.217338E+00  0.908824E-01  0.126456E+00  0.393919E+01
  33     6  0.240793E+00  0.100335E+00  0.140459E+00  0.575932E+01
  33     7  0.251808E+00  0.104810E+00  0.146998E+00  0.764398E+01
  33     8  0.257054E+00  0.106992E+00  0.150062E+00  0.955698E+01
  34     1  0.159564E-01  0.745764E-02  0.849877E-02  0.183881E+00
  34     2  0.356220E-01  0.160863E-01  0.195357E-01  0.357455E+00
  34     3  0.990308E-01  0.428423E-01  0.561885E-01  0.101807E+01
  34     4  0.174155E+00  0.737812E-01  0.100374E+00  0.226766E+01
  34     5  0.221917E+00  0.928578E-01  0.129059E+00  0.389736E+01
  34     6  0.246444E+00  0.102614E+00  0.143830E+00  0.571061E+01
  34     7  0.258169E+00  0.107398E+00  0.150771E+00  0.759570E+01
  34     8  0.263173E+00  0.109583E+00  0.153590E+00  0.951292E+01
  35     1  0.155617E-01  0.724532E-02  0.831640E-02  0.176734E+00
  35     2  0.353251E-01  0.159279E-01  0.193972E-01  0.346530E+00
  35     3  0.100144E+00  0.431995E-01  0.569441E-01  0.996889E+00
  35     4  0.177282E+00  0.750218E-01  0.102260E+00  0.223677E+01
  35     5  0.226855E+00  0.949115E-01  0.131943E+00  0.385954E+01
  35     6  0.252705E+00  0.105354E+00  0.147351E+00  0.566730E+01
  35     7  0.264676E+00  0.110181E+00  0.154495E+00  0.754987E+01
  35     8  0.270459E+00  0.112586E+00  0.157873E+00  0.946195E+01
  36     1  0.151280E-01  0.704622E-02  0.808179E-02  0.169137E+00
  36     2  0.349266E-01  0.157448E-01  0.191818E-01  0.335695E+00
  36     3  0.100872E+00  0.435546E-01  0.573175E-01  0.977721E+00
  36     4  0.180535E+00  0.763575E-01  0.104177E+00  0.220695E+01
  36     5  0.231996E+00  0.971464E-01  0.134849E+00  0.381983E+01
  36     6  0.258566E+00  0.107753E+00  0.150814E+00  0.562207E+01
  36     7  0.271167E+00  0.112962E+00  0.158205E+00  0.750462E+01
  36     8  0.276961E+00  0.115171E+00  0.161791E+00  0.941472E+01
  37     1  0.147116E-01  0.684966E-02  0.786191E-02  0.162462E+00
  37     2  0.345521E-01  0.155276E-01  0.190245E-01  0.325262E+00
  37     3  0.101744E+00  0.438593E-01  0.578850E-01  0.958959E+00
  37     4  0.183742E+00  0.776862E-01  0.106056E+00  0.217471E+01
  37     5  0.236760E+00  0.991274E-01  0.137632E+00  0.378329E+01
  37     6  0.264544E+00  0.110178E+00  0.154366E+00  0.558008E+01
  37     7  0.277345E+00  0.115392E+00  0.161954E+00  0.745729E+01
  37     8  0.283868E+00  0.118059E+00  0.165809E+00  0.936807E+01
  38     1  0.142874E-01  0.664628E-02  0.764114E-02  0.156038E+00
  38     2  0.341770E-01  0.153620E-01  0.188150E-01  0.315586E+00
  38     3  0.102503E+00  0.441673E-01  0.583358E-01  0.940374E+00
  38     4  0.186730E+00  0.788750E-01  0.107855E+00  0.214595E+01
  38     5  0.241527E+00  0.101075E+00  0.140453E+00  0.374242E+01
  38     6  0.270525E+00  0.112627E+00  0.157898E+00  0.553860E+01
  38     7  0.283905E+00  0.118123E+00  0.165782E+00  0.741663E+01
  38     8  0.290575E+00  0.120980E+00  0.169595E+00  0.932660E+01
  39     1  0.138456E-01  0.643841E-02  0.740723E-02  0.149195E+00
  39     2  0.337657E-01  0.151673E-01  0.185984E-01  0.305768E+00
  39     3  0.103169E+00  0.443234E-01  0.588455E-01  0.922448E+00
  39     4  0.189833E+00  0.801294E-01  0.109704E+00  0.211689E+01
  39     5  0.246464E+00  0.102998E+00  0.143465E+00  0.370550E+01
  39     6  0.275968E+00  0.115060E+00  0.160908E+00  0.550067E+01
  39     7  0.290272E+00  0.120836E+00  0.169435E+00  0.737332E+01
  39     8  0.297089E+00  0.123587E+00  0.173502E+00  0.927723E+01
  40     1  0.134486E-01  0.623470E-02  0.721392E-02  0.143218E+00
  40     2  0.332933E-01  0.149456E-01  0.183478E-01  0.297085E+00
  40     3  0.103823E+00  0.445843E-01  0.592388E-01  0.905162E+00
  40     4  0.192628E+00  0.813694E-01  0.111258E+00  0.208940E+01
  40     5  0.251388E+00  0.105138E+00  0.146251E+00  0.367092E+01
  40     6  0.282047E+00  0.117398E+00  0.164649E+00  0.545835E+01
  40     7  0.296844E+00  0.123616E+00  0.173228E+00  0.733051E+01
  40     8  0.303564E+00  0.126273E+00  0.177291E+00  0.923641E+01
  41     1  0.130023E-01  0.602860E-02  0.697367E-02  0.137162E+00
  41     2  0.328857E-01  0.147635E-01  0.181222E-01  0.287587E+00
  41     3  0.104434E+00  0.447730E-01  0.596610E-01  0.887791E+00
  41     4  0.195735E+00  0.825191E-01  0.113216E+00  0.206412E+01
  41     5  0.256292E+00  0.107046E+00  0.149246E+00  0.363598E+01
  41     6  0.287867E+00  0.119957E+00  0.167910E+00  0.541591E+01
  41     7  0.302912E+00  0.126147E+00  0.176765E+00  0.728816E+01
  41     8  0.310383E+00  0.129175E+00  0.181207E+00  0.919777E+01
  42     1  0.125425E-01  0.581824E-02  0.672426E-02  0.131401E+00
  42     2  0.324446E-01  0.145631E-01  0.178816E-01  0.278223E+00
  42     3  0.104904E+00  0.450162E-01  0.598877E-01  0.870329E+00
  42     4  0.198585E+00  0.836702E-01  0.114915E+00  0.203641E+01
  42     5  0.260873E+00  0.109070E+00  0.151803E+00  0.360348E+01
  42     6  0.293634E+00  0.122319E+00  0.171315E+00  0.538016E+01
  42     7  0.309521E+00  0.128695E+00  0.180826E+00  0.724600E+01
  42     8  0.317133E+00  0.132090E+00  0.185043E+00  0.915397E+01
  43     1  0.121504E-01  0.561918E-02  0.653121E-02  0.125904E+00
  43     2  0.319325E-01  0.143019E-01  0.176306E-01  0.269868E+00
  43     3  0.105393E+00  0.451706E-01  0.602220E-01  0.854892E+00
  43     4  0.201392E+00  0.848993E-01  0.116493E+00  0.200925E+01
  43     5  0.265671E+00  0.110925E+00  0.154746E+00  0.356534E+01
  43     6  0.299526E+00  0.124808E+00  0.174718E+00  0.534431E+01
  43     7  0.315846E+00  0.131429E+00  0.184417E+00  0.721138E+01
  43     8  0.323658E+00  0.134680E+00  0.188978E+00  0.911391E+01
  44     1  0.117608E-01  0.544391E-02  0.631691E-02  0.120360E+00
  44     2  0.314983E-01  0.141217E-01  0.173766E-01  0.261529E+00
  44     3  0.105774E+00  0.452810E-01  0.604929E-01  0.838594E+00
  44     4  0.204172E+00  0.859803E-01  0.118192E+00  0.198427E+01
  44     5  0.270124E+00  0.112836E+00  0.157287E+00  0.353250E+01
  44     6  0.305240E+00  0.126960E+00  0.178280E+00  0.530444E+01
  44     7  0.322236E+00  0.133958E+00  0.188278E+00  0.716922E+01
  44     8  0.329718E+00  0.137274E+00  0.192444E+00  0.907622E+01
  45     1  0.113405E-01  0.524144E-02  0.609910E-02  0.115249E+00
  45     2  0.309987E-01  0.138787E-01  0.171200E-01  0.253160E+00
  45     3  0.106289E+00  0.454773E-01  0.608116E-01  0.823023E+00
  45     4  0.206713E+00  0.870388E-01  0.119674E+00  0.195903E+01
  45     5  0.274715E+00  0.114757E+00  0.159958E+00  0.350163E+01
  45     6  0.311164E+00  0.129578E+00  0.181586E+00  0.526729E+01
  45     7  0.328466E+00  0.136684E+00  0.191782E+00  0.713320E+01
  45     8  0.336997E+00  0.140284E+00  0.196713E+00  0.903742E+01
  46     1  0.109330E-01  0.505410E-02  0.587891E-02  0.109977E+00
  46     2  0.304877E-01  0.136450E-01  0.168427E-01  0.244812E+00
  46     3  0.106484E+00  0.455945E-01  0.608896E-01  0.807972E+00
  46     4  0.209477E+00  0.881932E-01  0.121284E+00  0.193686E+01
  46     5  0.279477E+00  0.116750E+00  0.162728E+00  0.347189E+01
  46     6  0.316947E+00  0.132029E+00  0.184919E+00  0.523425E+01
  46     7  0.335395E+00  0.139677E+00  0.195718E+00  0.709751E+01
  46     8  0.343543E+00  0.142806E+00  0.200736E+00  0.899992E+01
  47     1  0.105319E-01  0.486952E-02  0.566236E-02  0.104881E+00
  47     2  0.299126E-01  0.133795E-01  0.165331E-01  0.237368E+00
  47     3  0.106781E+00  0.456367E-01  0.611447E-01  0.792165E+00
  47     4  0.212183E+00  0.892298E-01  0.122953E+00  0.191292E+01
  47     5  0.284002E+00  0.118687E+00  0.165315E+00  0.344134E+01
  47     6  0.322525E+00  0.134340E+00  0.188186E+00  0.520080E+01
  47     7  0.341229E+00  0.142002E+00  0.199226E+00  0.705791E+01
  47     8  0.350471E+00  0.145706E+00  0.204765E+00  0.895712E+01
  48     1  0.101530E-01  0.468270E-02  0.547033E-02  0.100513E+00
  48     2  0.294119E-01  0.131498E-01  0.162621E-01  0.229599E+00
  48     3  0.107073E+00  0.457773E-01  0.612958E-01  0.778878E+00
  48     4  0.214794E+00  0.903260E-01  0.124468E+00  0.188958E+01
  48     5  0.288765E+00  0.120616E+00  0.168149E+00  0.341155E+01
  48     6  0.328687E+00  0.136766E+00  0.191921E+00  0.516609E+01
  48     7  0.347779E+00  0.144527E+00  0.203252E+00  0.702488E+01
  48     8  0.357129E+00  0.148630E+00  0.208499E+00  0.892822E+01
  49     1  0.976724E-02  0.451072E-02  0.525652E-02  0.958811E-01
  49     2  0.288645E-01  0.129037E-01  0.159608E-01  0.222216E+00
  49     3  0.107225E+00  0.457576E-01  0.614672E-01  0.764428E+00
  49     4  0.217283E+00  0.912895E-01  0.125993E+00  0.186792E+01
  49     5  0.293271E+00  0.122379E+00  0.170892E+00  0.338193E+01
  49     6  0.333681E+00  0.138973E+00  0.194709E+00  0.513568E+01
  49     7  0.353685E+00  0.147334E+00  0.206351E+00  0.698890E+01
  49     8  0.363394E+00  0.151158E+00  0.212236E+00  0.888744E+01
  50     1  0.938641E-02  0.433380E-02  0.505261E-02  0.917521E-01
  50     2  0.282870E-01  0.126428E-01  0.156442E-01  0.215135E+00
  50     3  0.107437E+00  0.457942E-01  0.616428E-01  0.750451E+00
  50     4  0.219824E+00  0.923111E-01  0.127513E+00  0.184544E+01
  50     5  0.297643E+00  0.124297E+00  0.173346E+00  0.335231E+01
  50     6  0.339734E+00  0.141376E+00  0.198358E+00  0.510235E+01
  50     7  0.360432E+00  0.150011E+00  0.210421E+00  0.695646E+01
  50     8  0.369691E+00  0.153750E+00  0.215941E+00  0.885629E+01
