   1     1  0.511477E+01  0.411149E-01  0.234081E-01  0.159244E-03  0.175476E-01  0.182185E+01  0.147383E-01  0.853516E-02  0.395870E-02  0.832853E-03  0.565204E-04  0.110222E-02  0.252902E-03
   1     2  0.783351E+01  0.644843E-01  0.368914E-01  0.255128E-03  0.273377E-01  0.328646E+01  0.271726E-01  0.157468E-01  0.740643E-02  0.166932E-02  0.597844E-04  0.198950E-02  0.300789E-03
   1     3  0.919232E+01  0.786331E-01  0.452518E-01  0.235363E-03  0.331459E-01  0.395541E+01  0.343203E-01  0.199308E-01  0.942503E-02  0.223181E-02  0.359911E-04  0.245739E-02  0.239343E-03
   1     4  0.128307E+02  0.859597E-01  0.498049E-01  0.162724E-03  0.359920E-01  0.558988E+01  0.379409E-01  0.220710E-01  0.104767E-01  0.255051E-02  0.166890E-04  0.267559E-02  0.150369E-03
   1     5  0.169497E+02  0.895517E-01  0.520603E-01  0.947655E-04  0.373967E-01  0.742316E+01  0.397253E-01  0.231551E-01  0.109899E-01  0.271474E-02  0.685061E-05  0.277694E-02  0.817673E-04
   1     6  0.212062E+02  0.912779E-01  0.531882E-01  0.493711E-04  0.380403E-01  0.931740E+01  0.405357E-01  0.236481E-01  0.112274E-01  0.279424E-02  0.265162E-05  0.282285E-02  0.404757E-04
   1     7  0.255202E+02  0.921633E-01  0.537913E-01  0.238693E-04  0.383481E-01  0.112347E+02  0.408879E-01  0.238611E-01  0.113340E-01  0.283129E-02  0.998114E-06  0.284155E-02  0.188425E-04
   1     8  0.298359E+02  0.924740E-01  0.540174E-01  0.109431E-04  0.384456E-01  0.131507E+02  0.410513E-01  0.239479E-01  0.114012E-01  0.284159E-02  0.370987E-06  0.285180E-02  0.841886E-05
   1     9  0.341741E+02  0.926596E-01  0.541361E-01  0.483725E-05  0.385186E-01  0.150810E+02  0.411679E-01  0.240502E-01  0.114121E-01  0.285015E-02  0.137097E-06  0.285163E-02  0.364272E-05
   2     1  0.442278E+01  0.422453E-01  0.240263E-01  0.160839E-03  0.180582E-01  0.152959E+01  0.147356E-01  0.852770E-02  0.395288E-02  0.820828E-03  0.605645E-04  0.110635E-02  0.267326E-03
   2     2  0.773967E+01  0.718845E-01  0.410764E-01  0.289573E-03  0.305185E-01  0.320610E+01  0.298534E-01  0.172971E-01  0.812113E-02  0.181460E-02  0.724594E-04  0.219512E-02  0.353020E-03
   2     3  0.874940E+01  0.897695E-01  0.516398E-01  0.284493E-03  0.378453E-01  0.375194E+01  0.390981E-01  0.227048E-01  0.107238E-01  0.252664E-02  0.464337E-04  0.280201E-02  0.294553E-03
   2     4  0.122257E+02  0.993088E-01  0.574392E-01  0.203615E-03  0.416660E-01  0.531862E+01  0.437895E-01  0.254686E-01  0.120835E-01  0.293229E-02  0.221474E-04  0.309230E-02  0.190673E-03
   2     5  0.162962E+02  0.104001E+00  0.604662E-01  0.121135E-03  0.434136E-01  0.713599E+01  0.460977E-01  0.268649E-01  0.127504E-01  0.314277E-02  0.921409E-05  0.322494E-02  0.105546E-03
   2     6  0.205444E+02  0.106200E+00  0.618331E-01  0.640667E-04  0.443029E-01  0.901974E+01  0.472544E-01  0.275546E-01  0.131009E-01  0.325404E-02  0.358919E-05  0.328831E-02  0.528800E-04
   2     7  0.248476E+02  0.107415E+00  0.626975E-01  0.312650E-04  0.446865E-01  0.109395E+02  0.477202E-01  0.278664E-01  0.132164E-01  0.329795E-02  0.135529E-05  0.331326E-02  0.248208E-04
   2     8  0.291632E+02  0.107803E+00  0.629374E-01  0.144510E-04  0.448515E-01  0.128611E+02  0.479151E-01  0.279826E-01  0.132866E-01  0.330964E-02  0.504366E-06  0.332457E-02  0.111361E-04
   2     9  0.334990E+02  0.107872E+00  0.629273E-01  0.641524E-05  0.449381E-01  0.147890E+02  0.479916E-01  0.280227E-01  0.133096E-01  0.332124E-02  0.186511E-06  0.333300E-02  0.484197E-05
   3     1  0.381828E+01  0.422702E-01  0.239785E-01  0.159446E-03  0.181323E-01  0.129263E+01  0.144492E-01  0.834162E-02  0.388217E-02  0.797919E-03  0.630789E-04  0.109130E-02  0.273144E-03
   3     2  0.754455E+01  0.785881E-01  0.448837E-01  0.319421E-03  0.333849E-01  0.308599E+01  0.321258E-01  0.186068E-01  0.873056E-02  0.193217E-02  0.845316E-04  0.236873E-02  0.403080E-03
   3     3  0.841812E+01  0.100546E+00  0.577811E-01  0.333372E-03  0.424310E-01  0.360165E+01  0.436341E-01  0.253356E-01  0.119525E-01  0.280179E-02  0.576011E-04  0.313538E-02  0.351227E-03
   3     4  0.117087E+02  0.112421E+00  0.649975E-01  0.246276E-03  0.471767E-01  0.508727E+01  0.495166E-01  0.288000E-01  0.136481E-01  0.330660E-02  0.282189E-04  0.350019E-02  0.233514E-03
   3     5  0.157430E+02  0.118389E+00  0.687230E-01  0.149555E-03  0.495163E-01  0.688568E+01  0.524429E-01  0.305632E-01  0.144959E-01  0.357287E-02  0.118962E-04  0.366768E-02  0.131352E-03
   3     6  0.199712E+02  0.121144E+00  0.706015E-01  0.801309E-04  0.504624E-01  0.876831E+01  0.538215E-01  0.313981E-01  0.148991E-01  0.370023E-02  0.466298E-05  0.375286E-02  0.665282E-04
   3     7  0.242710E+02  0.122536E+00  0.714836E-01  0.394546E-04  0.510126E-01  0.106821E+02  0.544099E-01  0.317363E-01  0.150920E-01  0.376193E-02  0.176592E-05  0.378639E-02  0.314751E-04
   3     8  0.285942E+02  0.123213E+00  0.719552E-01  0.183484E-04  0.512391E-01  0.126046E+02  0.547552E-01  0.319747E-01  0.151785E-01  0.379009E-02  0.658032E-06  0.379711E-02  0.142030E-04
   3     9  0.329379E+02  0.123398E+00  0.721113E-01  0.818501E-05  0.512786E-01  0.145264E+02  0.548510E-01  0.320305E-01  0.152089E-01  0.380341E-02  0.243420E-06  0.380179E-02  0.619392E-05
   4     1  0.328640E+01  0.414208E-01  0.234243E-01  0.155791E-03  0.178407E-01  0.110138E+01  0.140001E-01  0.806290E-02  0.377095E-02  0.766145E-03  0.641209E-04  0.106339E-02  0.272620E-03
   4     2  0.729973E+01  0.846745E-01  0.483302E-01  0.344891E-03  0.359994E-01  0.293305E+01  0.340477E-01  0.197235E-01  0.923648E-02  0.202994E-02  0.958567E-04  0.251208E-02  0.449779E-03
   4     3  0.818786E+01  0.110823E+00  0.635959E-01  0.381588E-03  0.468454E-01  0.349583E+01  0.479479E-01  0.278315E-01  0.131208E-01  0.305781E-02  0.693272E-04  0.346046E-02  0.407977E-03
   4     4  0.112650E+02  0.125286E+00  0.723679E-01  0.290689E-03  0.526273E-01  0.488691E+01  0.552011E-01  0.321078E-01  0.151996E-01  0.367078E-02  0.348711E-04  0.390962E-02  0.278399E-03
   4     5  0.152544E+02  0.132578E+00  0.769388E-01  0.179895E-03  0.554592E-01  0.667094E+01  0.587747E-01  0.342485E-01  0.162474E-01  0.398986E-02  0.148869E-04  0.411482E-02  0.159215E-03
   4     6  0.194686E+02  0.136140E+00  0.792688E-01  0.974809E-04  0.567734E-01  0.854350E+01  0.604227E-01  0.352518E-01  0.167225E-01  0.415604E-02  0.587349E-05  0.420497E-02  0.814568E-04
   4     7  0.237633E+02  0.137833E+00  0.802969E-01  0.484058E-04  0.574874E-01  0.104545E+02  0.612088E-01  0.357283E-01  0.169552E-01  0.422948E-02  0.222987E-05  0.425488E-02  0.387672E-04
   4     8  0.280943E+02  0.138370E+00  0.807491E-01  0.226552E-04  0.575981E-01  0.123766E+02  0.615688E-01  0.359565E-01  0.170617E-01  0.426107E-02  0.832188E-06  0.427111E-02  0.175724E-04
   4     9  0.324120E+02  0.138648E+00  0.809055E-01  0.101413E-04  0.577328E-01  0.143038E+02  0.617019E-01  0.360337E-01  0.171075E-01  0.427634E-02  0.307948E-06  0.427643E-02  0.769662E-05
   5     1  0.282529E+01  0.399383E-01  0.225187E-01  0.150203E-03  0.172694E-01  0.941413E+00  0.134261E-01  0.771385E-02  0.362366E-02  0.731566E-03  0.640124E-04  0.102686E-02  0.266135E-03
   5     2  0.699393E+01  0.901122E-01  0.514444E-01  0.366278E-03  0.383015E-01  0.276481E+01  0.356300E-01  0.206516E-01  0.963924E-02  0.210361E-02  0.106502E-03  0.263555E-02  0.493440E-03
   5     3  0.803265E+01  0.120733E+00  0.692512E-01  0.429090E-03  0.510529E-01  0.342165E+01  0.520750E-01  0.302138E-01  0.142440E-01  0.330472E-02  0.815005E-04  0.376583E-02  0.465062E-03
   5     4  0.108723E+02  0.138105E+00  0.797152E-01  0.336292E-03  0.580531E-01  0.470900E+01  0.607115E-01  0.353151E-01  0.167057E-01  0.402169E-02  0.420809E-04  0.430148E-02  0.325327E-03
   5     5  0.148120E+02  0.146764E+00  0.851171E-01  0.211790E-03  0.614355E-01  0.647436E+01  0.649449E-01  0.378189E-01  0.179548E-01  0.440554E-02  0.181791E-04  0.455860E-02  0.188756E-03
   5     6  0.190162E+02  0.151043E+00  0.879508E-01  0.116122E-03  0.629760E-01  0.834368E+01  0.669386E-01  0.390071E-01  0.185492E-01  0.460440E-02  0.721163E-05  0.467315E-02  0.974926E-04
   5     7  0.233012E+02  0.152983E+00  0.891958E-01  0.581239E-04  0.637290E-01  0.102532E+02  0.679746E-01  0.396481E-01  0.188598E-01  0.468915E-02  0.274664E-05  0.472805E-02  0.467040E-04
   5     8  0.276277E+02  0.153832E+00  0.897939E-01  0.273209E-04  0.640104E-01  0.121738E+02  0.683996E-01  0.399403E-01  0.189599E-01  0.473472E-02  0.102618E-05  0.474239E-02  0.212597E-04
   5     9  0.319559E+02  0.154126E+00  0.899767E-01  0.122886E-04  0.641375E-01  0.140946E+02  0.685995E-01  0.400565E-01  0.190228E-01  0.475125E-02  0.380076E-06  0.475927E-02  0.933761E-05
   6     1  0.243270E+01  0.380128E-01  0.213347E-01  0.143935E-03  0.165341E-01  0.810389E+00  0.127551E-01  0.730426E-02  0.345886E-02  0.693036E-03  0.630579E-04  0.980167E-03  0.255693E-03
   6     2  0.668789E+01  0.949960E-01  0.542187E-01  0.383797E-03  0.403936E-01  0.259388E+01  0.368915E-01  0.213792E-01  0.996686E-02  0.216126E-02  0.116123E-03  0.273473E-02  0.533285E-03
   6     3  0.794148E+01  0.130253E+00  0.746977E-01  0.475071E-03  0.550807E-01  0.337287E+01  0.560212E-01  0.324987E-01  0.153116E-01  0.353600E-02  0.940305E-04  0.405903E-02  0.521922E-03
   6     4  0.105235E+02  0.150513E+00  0.868408E-01  0.382933E-03  0.632889E-01  0.455522E+01  0.661326E-01  0.384576E-01  0.181935E-01  0.436410E-02  0.497804E-04  0.469402E-02  0.373512E-03
   6     5  0.144303E+02  0.160778E+00  0.933053E-01  0.244983E-03  0.672279E-01  0.629890E+01  0.711351E-01  0.414365E-01  0.196410E-01  0.481998E-02  0.217664E-04  0.499585E-02  0.220058E-03
   6     6  0.186067E+02  0.165768E+00  0.964051E-01  0.135910E-03  0.692273E-01  0.816157E+01  0.735865E-01  0.429275E-01  0.203593E-01  0.504639E-02  0.868407E-05  0.512987E-02  0.114655E-03
   6     7  0.228961E+02  0.167973E+00  0.979546E-01  0.684609E-04  0.699502E-01  0.100708E+02  0.746822E-01  0.436060E-01  0.206718E-01  0.515307E-02  0.331536E-05  0.519272E-02  0.552502E-04
   6     8  0.272025E+02  0.169253E+00  0.987721E-01  0.323590E-04  0.704490E-01  0.119909E+02  0.751322E-01  0.438494E-01  0.208319E-01  0.520322E-02  0.124037E-05  0.522131E-02  0.252587E-04
   6     9  0.315446E+02  0.169426E+00  0.988850E-01  0.146179E-04  0.705259E-01  0.139169E+02  0.754001E-01  0.440088E-01  0.209210E-01  0.522579E-02  0.459708E-06  0.523296E-02  0.111252E-04
   7     1  0.208803E+01  0.357722E-01  0.200152E-01  0.136605E-03  0.156204E-01  0.699273E+00  0.120047E-01  0.685182E-02  0.327001E-02  0.650046E-03  0.613975E-04  0.929068E-03  0.242389E-03
   7     2  0.638253E+01  0.993096E-01  0.566805E-01  0.398514E-03  0.422306E-01  0.243373E+01  0.379373E-01  0.219733E-01  0.102474E-01  0.220355E-02  0.124953E-03  0.281767E-02  0.570376E-03
   7     3  0.789396E+01  0.139488E+00  0.799418E-01  0.519689E-03  0.590261E-01  0.334704E+01  0.597361E-01  0.346513E-01  0.163131E-01  0.374630E-02  0.106739E-03  0.433958E-02  0.579138E-03
   7     4  0.102144E+02  0.162902E+00  0.939714E-01  0.430166E-03  0.685006E-01  0.441592E+01  0.714435E-01  0.415353E-01  0.196433E-01  0.470246E-02  0.579385E-04  0.508110E-02  0.423472E-03
   7     5  0.140659E+02  0.174687E+00  0.101367E+00  0.279720E-03  0.730404E-01  0.613978E+01  0.772834E-01  0.450372E-01  0.213098E-01  0.522729E-02  0.256379E-04  0.543075E-02  0.252725E-03
   7     6  0.182339E+02  0.180302E+00  0.104800E+00  0.156610E-03  0.753448E-01  0.799820E+01  0.800602E-01  0.466812E-01  0.221540E-01  0.549487E-02  0.102852E-04  0.558705E-02  0.132841E-03
   7     7  0.225231E+02  0.183230E+00  0.106711E+00  0.795570E-04  0.764397E-01  0.990555E+01  0.813161E-01  0.474317E-01  0.225391E-01  0.561630E-02  0.393785E-05  0.566065E-02  0.643692E-04
   7     8  0.268405E+02  0.184488E+00  0.107562E+00  0.377575E-04  0.768888E-01  0.118235E+02  0.819911E-01  0.478956E-01  0.227039E-01  0.567702E-02  0.147478E-05  0.568347E-02  0.295540E-04
   7     9  0.311618E+02  0.185178E+00  0.108144E+00  0.171212E-04  0.770176E-01  0.137448E+02  0.822117E-01  0.479914E-01  0.228195E-01  0.568756E-02  0.546787E-06  0.569963E-02  0.130530E-04
   8     1  0.179499E+01  0.334087E-01  0.186195E-01  0.128654E-03  0.146605E-01  0.603182E+00  0.112446E-01  0.640767E-02  0.306664E-02  0.607540E-03  0.591005E-04  0.876060E-03  0.227617E-03
   8     2  0.607078E+01  0.103088E+00  0.588288E-01  0.410016E-03  0.438494E-01  0.227448E+01  0.387224E-01  0.224348E-01  0.104335E-01  0.223395E-02  0.132922E-03  0.288384E-02  0.603414E-03
   8     3  0.787543E+01  0.148337E+00  0.849356E-01  0.562674E-03  0.628389E-01  0.333094E+01  0.632902E-01  0.366987E-01  0.172767E-01  0.395181E-02  0.119622E-03  0.460793E-02  0.635433E-03
   8     4  0.993649E+01  0.174917E+00  0.100869E+00  0.478233E-03  0.735699E-01  0.428800E+01  0.766083E-01  0.445178E-01  0.210617E-01  0.503039E-02  0.665671E-04  0.545741E-02  0.474449E-03
   8     5  0.137450E+02  0.188568E+00  0.109231E+00  0.315800E-03  0.790213E-01  0.599448E+01  0.833144E-01  0.484893E-01  0.230191E-01  0.563174E-02  0.297772E-04  0.585750E-02  0.286990E-03
   8     6  0.179089E+02  0.195187E+00  0.113475E+00  0.178651E-03  0.815328E-01  0.785050E+01  0.866341E-01  0.505274E-01  0.239697E-01  0.593154E-02  0.120126E-04  0.604145E-02  0.152057E-03
   8     7  0.221685E+02  0.198283E+00  0.115585E+00  0.912014E-04  0.826072E-01  0.974695E+01  0.880764E-01  0.514179E-01  0.243853E-01  0.607211E-02  0.460975E-05  0.612243E-02  0.740698E-04
   8     8  0.264825E+02  0.199814E+00  0.116560E+00  0.434956E-04  0.832100E-01  0.116672E+02  0.887264E-01  0.517982E-01  0.245896E-01  0.613640E-02  0.172947E-05  0.616638E-02  0.341217E-04
   8     9  0.308220E+02  0.200321E+00  0.116935E+00  0.197757E-04  0.833658E-01  0.135916E+02  0.890216E-01  0.519798E-01  0.246826E-01  0.617037E-02  0.641497E-06  0.617301E-02  0.151108E-04
   9     1  0.154286E+01  0.309344E-01  0.171866E-01  0.120631E-03  0.136272E-01  0.523634E+00  0.104756E-01  0.594871E-02  0.287148E-02  0.566363E-03  0.564083E-04  0.820536E-03  0.212059E-03
   9     2  0.576729E+01  0.106332E+00  0.606718E-01  0.419253E-03  0.452408E-01  0.212371E+01  0.393446E-01  0.227958E-01  0.105954E-01  0.225202E-02  0.140079E-03  0.292805E-02  0.633224E-03
   9     3  0.786446E+01  0.156837E+00  0.897190E-01  0.604921E-03  0.665135E-01  0.331704E+01  0.666939E-01  0.386571E-01  0.182043E-01  0.414412E-02  0.132616E-03  0.486499E-02  0.690885E-03
   9     4  0.968407E+01  0.186877E+00  0.107641E+00  0.526817E-03  0.787093E-01  0.417646E+01  0.817553E-01  0.475128E-01  0.224589E-01  0.535230E-02  0.755775E-04  0.582883E-02  0.526893E-03
   9     5  0.134503E+02  0.202227E+00  0.117155E+00  0.352974E-03  0.847193E-01  0.586261E+01  0.894180E-01  0.520497E-01  0.247005E-01  0.602659E-02  0.341840E-04  0.628483E-02  0.322260E-03
   9     6  0.175940E+02  0.209809E+00  0.121994E+00  0.201393E-03  0.876135E-01  0.771142E+01  0.931139E-01  0.543058E-01  0.257585E-01  0.636996E-02  0.138653E-04  0.649362E-02  0.172177E-03
   9     7  0.218558E+02  0.213467E+00  0.124321E+00  0.103503E-03  0.890427E-01  0.961002E+01  0.947330E-01  0.552570E-01  0.262644E-01  0.653144E-02  0.533664E-05  0.659048E-02  0.843436E-04
   9     8  0.261657E+02  0.214960E+00  0.125412E+00  0.495975E-04  0.894982E-01  0.115252E+02  0.955002E-01  0.557184E-01  0.265070E-01  0.659756E-02  0.200358E-05  0.663637E-02  0.389728E-04
   9     9  0.304935E+02  0.215789E+00  0.125949E+00  0.225982E-04  0.898169E-01  0.134513E+02  0.959424E-01  0.560528E-01  0.265689E-01  0.664547E-02  0.743641E-06  0.665712E-02  0.173023E-04
  10     1  0.132750E+01  0.285087E-01  0.157731E-01  0.112340E-03  0.126233E-01  0.452933E+00  0.971047E-02  0.549863E-02  0.267379E-02  0.524338E-03  0.535518E-04  0.763918E-03  0.196240E-03
  10     2  0.547753E+01  0.108965E+00  0.621228E-01  0.426135E-03  0.464164E-01  0.198687E+01  0.397817E-01  0.230595E-01  0.106886E-01  0.226073E-02  0.146430E-03  0.296730E-02  0.659194E-03
  10     3  0.785744E+01  0.165080E+00  0.944302E-01  0.643743E-03  0.700063E-01  0.330695E+01  0.699339E-01  0.405502E-01  0.190594E-01  0.432707E-02  0.145606E-03  0.510563E-02  0.746032E-03
  10     4  0.945368E+01  0.198691E+00  0.114435E+00  0.575173E-03  0.836807E-01  0.407414E+01  0.869022E-01  0.505155E-01  0.238534E-01  0.566653E-02  0.849782E-04  0.620188E-02  0.579881E-03
  10     5  0.131750E+02  0.215848E+00  0.125039E+00  0.390914E-03  0.904177E-01  0.573765E+01  0.954445E-01  0.555619E-01  0.263446E-01  0.642276E-02  0.388627E-04  0.671743E-02  0.358970E-03
  10     6  0.172966E+02  0.224271E+00  0.130291E+00  0.225166E-03  0.937554E-01  0.757972E+01  0.995644E-01  0.580567E-01  0.275343E-01  0.681255E-02  0.158447E-04  0.695168E-02  0.193281E-03
  10     7  0.215588E+02  0.228450E+00  0.133118E+00  0.116393E-03  0.952155E-01  0.947851E+01  0.101483E+00  0.592189E-01  0.281095E-01  0.699268E-02  0.611359E-05  0.706094E-02  0.951005E-04
  10     8  0.258651E+02  0.230169E+00  0.134263E+00  0.559797E-04  0.958502E-01  0.113946E+02  0.102371E+00  0.597687E-01  0.283646E-01  0.708951E-02  0.229781E-05  0.710177E-02  0.441041E-04
  10     9  0.301923E+02  0.231135E+00  0.134964E+00  0.255979E-04  0.961455E-01  0.133122E+02  0.102658E+00  0.598824E-01  0.284972E-01  0.712706E-02  0.853505E-06  0.713069E-02  0.196207E-04
  11     1  0.114404E+01  0.261644E-01  0.144224E-01  0.104373E-03  0.116376E-01  0.392892E+00  0.894689E-02  0.504673E-02  0.247590E-02  0.483838E-03  0.503214E-04  0.709788E-03  0.180316E-03
  11     2  0.520217E+01  0.111186E+00  0.633566E-01  0.431194E-03  0.473978E-01  0.186006E+01  0.400168E-01  0.231795E-01  0.107507E-01  0.226154E-02  0.151976E-03  0.299167E-02  0.681478E-03
  11     3  0.784712E+01  0.172981E+00  0.989567E-01  0.682533E-03  0.733416E-01  0.328989E+01  0.729961E-01  0.423122E-01  0.198920E-01  0.448825E-02  0.158574E-03  0.534417E-02  0.800906E-03
  11     4  0.924916E+01  0.210037E+00  0.120961E+00  0.624254E-03  0.884526E-01  0.398084E+01  0.917417E-01  0.532867E-01  0.251935E-01  0.597624E-02  0.947440E-04  0.655699E-02  0.633492E-03
  11     5  0.129126E+02  0.229525E+00  0.132883E+00  0.430046E-03  0.962124E-01  0.562480E+01  0.101352E+00  0.589964E-01  0.279645E-01  0.681280E-02  0.437904E-04  0.713780E-02  0.397158E-03
  11     6  0.170326E+02  0.238842E+00  0.138826E+00  0.249709E-03  0.997662E-01  0.745972E+01  0.105989E+00  0.617672E-01  0.293419E-01  0.725173E-02  0.179451E-04  0.739548E-02  0.215234E-03
  11     7  0.212861E+02  0.243597E+00  0.141882E+00  0.129911E-03  0.101584E+00  0.935387E+01  0.108163E+00  0.631083E-01  0.299557E-01  0.745624E-02  0.694124E-05  0.752909E-02  0.106421E-03
  11     8  0.256005E+02  0.245538E+00  0.143262E+00  0.627055E-04  0.102213E+00  0.112697E+02  0.109050E+00  0.636236E-01  0.302620E-01  0.752920E-02  0.261210E-05  0.758300E-02  0.495068E-04
  11     9  0.299281E+02  0.246578E+00  0.143929E+00  0.287661E-04  0.102620E+00  0.131917E+02  0.109513E+00  0.639573E-01  0.303606E-01  0.758346E-02  0.970748E-06  0.758868E-02  0.220785E-04
  12     1  0.985864E+00  0.238764E-01  0.131263E-01  0.963652E-04  0.106538E-01  0.341380E+00  0.821925E-02  0.462680E-02  0.228208E-02  0.444238E-03  0.470793E-04  0.654687E-03  0.164364E-03
  12     2  0.493132E+01  0.112863E+00  0.642400E-01  0.434755E-03  0.481882E-01  0.174025E+01  0.401627E-01  0.232610E-01  0.107849E-01  0.225722E-02  0.156821E-03  0.300297E-02  0.699774E-03
  12     3  0.781618E+01  0.180599E+00  0.103220E+00  0.719298E-03  0.766588E-01  0.326694E+01  0.758110E-01  0.439292E-01  0.206565E-01  0.464601E-02  0.171376E-03  0.555375E-02  0.854200E-03
  12     4  0.906714E+01  0.221475E+00  0.127459E+00  0.673286E-03  0.933429E-01  0.389851E+01  0.966323E-01  0.561205E-01  0.265238E-01  0.627467E-02  0.104869E-03  0.691996E-02  0.688395E-03
  12     5  0.126725E+02  0.242702E+00  0.140525E+00  0.470077E-03  0.101707E+00  0.551607E+01  0.107221E+00  0.624133E-01  0.295636E-01  0.720033E-02  0.489683E-04  0.755894E-02  0.436003E-03
  12     6  0.167726E+02  0.253421E+00  0.147224E+00  0.275328E-03  0.105922E+00  0.734389E+01  0.112432E+00  0.655005E-01  0.311306E-01  0.768370E-02  0.201690E-04  0.785870E-02  0.238011E-03
  12     7  0.210224E+02  0.258392E+00  0.150544E+00  0.143954E-03  0.107704E+00  0.924194E+01  0.114829E+00  0.670035E-01  0.317954E-01  0.790833E-02  0.781924E-05  0.799548E-02  0.118252E-03
  12     8  0.253378E+02  0.260668E+00  0.152048E+00  0.697706E-04  0.108550E+00  0.111570E+02  0.115942E+00  0.676567E-01  0.321420E-01  0.802354E-02  0.294554E-05  0.806144E-02  0.551633E-04
  12     9  0.296629E+02  0.262033E+00  0.153039E+00  0.320636E-04  0.108962E+00  0.130759E+02  0.116434E+00  0.679979E-01  0.322618E-01  0.806807E-02  0.109550E-05  0.808019E-02  0.246582E-04
  13     1  0.852363E+00  0.216813E-01  0.118709E-01  0.886356E-04  0.972180E-02  0.296864E+00  0.752912E-02  0.422536E-02  0.210024E-02  0.406938E-03  0.438527E-04  0.603062E-03  0.149670E-03
  13     2  0.467667E+01  0.114037E+00  0.648879E-01  0.436586E-03  0.487127E-01  0.163274E+01  0.401544E-01  0.232342E-01  0.107859E-01  0.224720E-02  0.161057E-03  0.301111E-02  0.714960E-03
  13     3  0.778470E+01  0.188087E+00  0.107573E+00  0.753625E-03  0.797608E-01  0.323937E+01  0.784914E-01  0.454778E-01  0.213673E-01  0.479435E-02  0.184016E-03  0.576162E-02  0.906311E-03
  13     4  0.890222E+01  0.232621E+00  0.133850E+00  0.722571E-03  0.980488E-01  0.382406E+01  0.101435E+00  0.589088E-01  0.278341E-01  0.656966E-02  0.115194E-03  0.726355E-02  0.743556E-03
  13     5  0.124462E+02  0.256249E+00  0.148356E+00  0.510868E-03  0.107381E+00  0.541401E+01  0.113101E+00  0.658497E-01  0.311546E-01  0.758281E-02  0.543736E-04  0.798279E-02  0.476234E-03
  13     6  0.165371E+02  0.267863E+00  0.155681E+00  0.301454E-03  0.111881E+00  0.723927E+01  0.118803E+00  0.692741E-01  0.328330E-01  0.810382E-02  0.225105E-04  0.830756E-02  0.261662E-03
  13     7  0.207825E+02  0.273517E+00  0.159279E+00  0.158484E-03  0.114080E+00  0.913105E+01  0.121381E+00  0.707989E-01  0.336170E-01  0.837032E-02  0.874867E-05  0.845549E-02  0.130568E-03
  13     8  0.250846E+02  0.276068E+00  0.160997E+00  0.771218E-04  0.114994E+00  0.110438E+02  0.122702E+00  0.716408E-01  0.339965E-01  0.848198E-02  0.329970E-05  0.851859E-02  0.610908E-04
  13     9  0.294144E+02  0.277081E+00  0.161712E+00  0.355305E-04  0.115333E+00  0.129629E+02  0.123221E+00  0.719378E-01  0.341828E-01  0.852886E-02  0.122724E-05  0.854328E-02  0.273697E-04
  14     1  0.734256E+00  0.196723E-01  0.107425E-01  0.813191E-04  0.884856E-02  0.257994E+00  0.686836E-02  0.384445E-02  0.192343E-02  0.371354E-03  0.406406E-04  0.552779E-03  0.135702E-03
  14     2  0.443644E+01  0.114829E+00  0.652631E-01  0.437367E-03  0.491284E-01  0.153247E+01  0.400818E-01  0.231973E-01  0.107555E-01  0.223245E-02  0.164566E-03  0.300498E-02  0.727002E-03
  14     3  0.773559E+01  0.195080E+00  0.111518E+00  0.786598E-03  0.827759E-01  0.320606E+01  0.810972E-01  0.470162E-01  0.220413E-01  0.492933E-02  0.196609E-03  0.595527E-02  0.958470E-03
  14     4  0.875028E+01  0.243621E+00  0.140023E+00  0.771723E-03  0.102826E+00  0.375547E+01  0.106152E+00  0.616368E-01  0.291126E-01  0.686076E-02  0.125881E-03  0.761705E-02  0.799386E-03
  14     5  0.122342E+02  0.269585E+00  0.155914E+00  0.552462E-03  0.113119E+00  0.531938E+01  0.119010E+00  0.692783E-01  0.328071E-01  0.795791E-02  0.600359E-04  0.838926E-02  0.517175E-03
  14     6  0.163046E+02  0.282356E+00  0.164063E+00  0.328576E-03  0.117964E+00  0.713858E+01  0.125187E+00  0.729835E-01  0.346012E-01  0.854175E-02  0.249775E-04  0.874902E-02  0.286146E-03
  14     7  0.205436E+02  0.288275E+00  0.167789E+00  0.173638E-03  0.120312E+00  0.902578E+01  0.128153E+00  0.747826E-01  0.354701E-01  0.882106E-02  0.972969E-05  0.892599E-02  0.143388E-03
  14     8  0.248641E+02  0.291238E+00  0.169893E+00  0.847588E-04  0.121260E+00  0.109368E+02  0.129498E+00  0.756272E-01  0.358725E-01  0.894320E-02  0.367414E-05  0.898406E-02  0.672847E-04
  14     9  0.291617E+02  0.292520E+00  0.170656E+00  0.391409E-04  0.121825E+00  0.128609E+02  0.130092E+00  0.759651E-01  0.360669E-01  0.900512E-02  0.136695E-05  0.902298E-02  0.301916E-04
  15     1  0.633806E+00  0.177835E-01  0.967416E-02  0.743583E-04  0.803496E-02  0.224593E+00  0.625253E-02  0.349098E-02  0.175805E-02  0.338553E-03  0.375068E-04  0.505012E-03  0.122430E-03
  15     2  0.419984E+01  0.115124E+00  0.653920E-01  0.436969E-03  0.492946E-01  0.143874E+01  0.398457E-01  0.230390E-01  0.106933E-01  0.221089E-02  0.167567E-03  0.299956E-02  0.735351E-03
  15     3  0.767593E+01  0.201978E+00  0.115407E+00  0.817797E-03  0.857537E-01  0.316925E+01  0.834985E-01  0.483979E-01  0.226820E-01  0.505974E-02  0.208908E-03  0.614128E-02  0.100869E-02
  15     4  0.861640E+01  0.254642E+00  0.146446E+00  0.820548E-03  0.107375E+00  0.369422E+01  0.110706E+00  0.642653E-01  0.303679E-01  0.713094E-02  0.136883E-03  0.794987E-02  0.855184E-03
  15     5  0.120295E+02  0.282911E+00  0.163533E+00  0.594614E-03  0.118783E+00  0.523156E+01  0.124652E+00  0.725348E-01  0.343497E-01  0.833407E-02  0.659127E-04  0.880815E-02  0.559114E-03
  15     6  0.160925E+02  0.296851E+00  0.172488E+00  0.356308E-03  0.124007E+00  0.704065E+01  0.131423E+00  0.765429E-01  0.363654E-01  0.896912E-02  0.275502E-04  0.920685E-02  0.311303E-03
  15     7  0.203264E+02  0.303345E+00  0.176583E+00  0.189337E-03  0.126573E+00  0.893123E+01  0.134784E+00  0.786049E-01  0.373558E-01  0.927011E-02  0.107598E-04  0.938560E-02  0.156699E-03
  15     8  0.246272E+02  0.306683E+00  0.178882E+00  0.927313E-04  0.127709E+00  0.108411E+02  0.136261E+00  0.795512E-01  0.377530E-01  0.942590E-02  0.406642E-05  0.945267E-02  0.737033E-04
  15     9  0.289581E+02  0.307838E+00  0.179640E+00  0.429442E-04  0.128155E+00  0.127629E+02  0.136931E+00  0.799152E-01  0.380043E-01  0.947915E-02  0.151402E-05  0.949774E-02  0.331457E-04
  16     1  0.547444E+00  0.160144E-01  0.869069E-02  0.677379E-04  0.725599E-02  0.194963E+00  0.567928E-02  0.316349E-02  0.160236E-02  0.307396E-03  0.344145E-04  0.461169E-03  0.110449E-03
  16     2  0.397751E+01  0.115117E+00  0.653051E-01  0.435082E-03  0.493764E-01  0.135285E+01  0.395513E-01  0.228594E-01  0.106123E-01  0.218787E-02  0.169958E-03  0.298151E-02  0.740317E-03
  16     3  0.760858E+01  0.208585E+00  0.119149E+00  0.847232E-03  0.885886E-01  0.311998E+01  0.857377E-01  0.496382E-01  0.233286E-01  0.517818E-02  0.221033E-03  0.631287E-02  0.105884E-02
  16     4  0.850067E+01  0.265359E+00  0.152483E+00  0.869594E-03  0.112007E+00  0.363994E+01  0.115259E+00  0.669294E-01  0.315829E-01  0.740432E-02  0.148031E-03  0.828309E-02  0.911396E-03
  16     5  0.118485E+02  0.295971E+00  0.171221E+00  0.637305E-03  0.124113E+00  0.514565E+01  0.130438E+00  0.759006E-01  0.359278E-01  0.871816E-02  0.720335E-04  0.921709E-02  0.602120E-03
  16     6  0.158846E+02  0.311051E+00  0.180554E+00  0.384946E-03  0.130112E+00  0.695025E+01  0.137847E+00  0.803217E-01  0.381251E-01  0.938349E-02  0.302531E-04  0.964897E-02  0.337213E-03
  16     7  0.201205E+02  0.318439E+00  0.185511E+00  0.205432E-03  0.132722E+00  0.883638E+01  0.141438E+00  0.825044E-01  0.391703E-01  0.973222E-02  0.118363E-04  0.984844E-02  0.170334E-03
  16     8  0.244155E+02  0.321698E+00  0.187519E+00  0.100956E-03  0.134078E+00  0.107465E+02  0.142985E+00  0.834257E-01  0.396515E-01  0.988608E-02  0.447883E-05  0.993739E-02  0.803801E-04
  16     9  0.287494E+02  0.323176E+00  0.188629E+00  0.468558E-04  0.134500E+00  0.126719E+02  0.143692E+00  0.838852E-01  0.398483E-01  0.994752E-02  0.166880E-05  0.997292E-02  0.362214E-04
  17     1  0.473125E+00  0.144106E-01  0.779798E-02  0.616425E-04  0.655099E-02  0.169970E+00  0.512892E-02  0.285005E-02  0.145187E-02  0.278144E-03  0.315784E-04  0.418006E-03  0.992692E-04
  17     2  0.376747E+01  0.114786E+00  0.650840E-01  0.432870E-03  0.492695E-01  0.127514E+01  0.391916E-01  0.226335E-01  0.105230E-01  0.215979E-02  0.171639E-03  0.295950E-02  0.744171E-03
  17     3  0.752080E+01  0.215223E+00  0.122923E+00  0.875482E-03  0.914247E-01  0.307242E+01  0.878357E-01  0.508820E-01  0.238532E-01  0.528215E-02  0.232759E-03  0.647846E-02  0.110712E-02
  17     4  0.840169E+01  0.275840E+00  0.158415E+00  0.918979E-03  0.116507E+00  0.359012E+01  0.119699E+00  0.695014E-01  0.327801E-01  0.766891E-02  0.159438E-03  0.862123E-02  0.968030E-03
  17     5  0.116625E+02  0.308881E+00  0.178694E+00  0.680964E-03  0.129506E+00  0.506671E+01  0.136087E+00  0.792284E-01  0.374440E-01  0.906694E-02  0.783534E-04  0.962306E-02  0.646016E-03
  17     6  0.156896E+02  0.325496E+00  0.189018E+00  0.414039E-03  0.136063E+00  0.686618E+01  0.144043E+00  0.839053E-01  0.398307E-01  0.981466E-02  0.330601E-04  0.100955E-01  0.363967E-03
  17     7  0.199205E+02  0.333359E+00  0.194062E+00  0.222090E-03  0.139075E+00  0.874964E+01  0.147963E+00  0.863010E-01  0.409810E-01  0.101704E-01  0.129669E-04  0.103133E-01  0.184499E-03
  17     8  0.242155E+02  0.337006E+00  0.196424E+00  0.109492E-03  0.140473E+00  0.106605E+02  0.149740E+00  0.874319E-01  0.414733E-01  0.103518E-01  0.491210E-05  0.103907E-01  0.873378E-04
  17     9  0.285409E+02  0.338638E+00  0.197689E+00  0.509460E-04  0.140897E+00  0.125786E+02  0.150582E+00  0.879183E-01  0.417747E-01  0.104080E-01  0.183058E-05  0.104397E-01  0.394133E-04
  18     1  0.409303E+00  0.129335E-01  0.698359E-02  0.558722E-04  0.589405E-02  0.147858E+00  0.463521E-02  0.257123E-02  0.131595E-02  0.251478E-03  0.287992E-04  0.378929E-03  0.888248E-04
  18     2  0.356435E+01  0.114121E+00  0.646251E-01  0.429697E-03  0.490659E-01  0.120131E+01  0.388037E-01  0.223841E-01  0.104328E-01  0.213096E-02  0.173138E-03  0.293825E-02  0.744335E-03
  18     3  0.743619E+01  0.221331E+00  0.126423E+00  0.901897E-03  0.940059E-01  0.302090E+01  0.898277E-01  0.520420E-01  0.243687E-01  0.538477E-02  0.244252E-03  0.663382E-02  0.115420E-02
  18     4  0.830007E+01  0.286370E+00  0.164466E+00  0.966883E-03  0.120937E+00  0.354699E+01  0.124093E+00  0.720209E-01  0.340078E-01  0.793788E-02  0.171109E-03  0.893106E-02  0.102472E-02
  18     5  0.114988E+02  0.322029E+00  0.186107E+00  0.725233E-03  0.135197E+00  0.499093E+01  0.141753E+00  0.824637E-01  0.390537E-01  0.943643E-02  0.848633E-04  0.100244E-01  0.690314E-03
  18     6  0.155107E+02  0.339688E+00  0.197152E+00  0.444052E-03  0.142092E+00  0.678347E+01  0.150589E+00  0.877532E-01  0.416290E-01  0.102373E-01  0.359824E-04  0.105420E-01  0.391247E-03
  18     7  0.197306E+02  0.348056E+00  0.202753E+00  0.239136E-03  0.145063E+00  0.866047E+01  0.154574E+00  0.901901E-01  0.427702E-01  0.106333E-01  0.141404E-04  0.107666E-01  0.199181E-03
  18     8  0.240245E+02  0.352287E+00  0.205516E+00  0.118232E-03  0.146652E+00  0.105750E+02  0.156473E+00  0.913168E-01  0.433628E-01  0.108186E-01  0.536411E-05  0.108754E-01  0.944864E-04
  18     9  0.283385E+02  0.353623E+00  0.206292E+00  0.551276E-04  0.147276E+00  0.124959E+02  0.157249E+00  0.918080E-01  0.436051E-01  0.108830E-01  0.200010E-05  0.109087E-01  0.427142E-04
  19     1  0.353193E+00  0.115871E-01  0.624194E-02  0.505926E-04  0.529458E-02  0.128695E+00  0.417213E-02  0.230768E-02  0.118901E-02  0.226724E-03  0.262547E-04  0.342765E-03  0.796883E-04
  19     2  0.337667E+01  0.113167E+00  0.639831E-01  0.425694E-03  0.487583E-01  0.113108E+01  0.383566E-01  0.221216E-01  0.103108E-01  0.210274E-02  0.174021E-03  0.290521E-02  0.742313E-03
  19     3  0.733870E+01  0.227266E+00  0.129752E+00  0.926391E-03  0.965879E-01  0.296176E+01  0.916900E-01  0.531120E-01  0.248755E-01  0.547606E-02  0.255545E-03  0.677062E-02  0.120034E-02
  19     4  0.822060E+01  0.296538E+00  0.170179E+00  0.101485E-02  0.125344E+00  0.350906E+01  0.128367E+00  0.744987E-01  0.351429E-01  0.820387E-02  0.182876E-03  0.925658E-02  0.108190E-02
  19     5  0.113406E+02  0.334823E+00  0.193529E+00  0.769787E-03  0.140524E+00  0.492084E+01  0.147424E+00  0.857404E-01  0.406213E-01  0.980280E-02  0.916069E-04  0.104318E-01  0.735675E-03
  19     6  0.153337E+02  0.353665E+00  0.205290E+00  0.474543E-03  0.147900E+00  0.670625E+01  0.156830E+00  0.913843E-01  0.433531E-01  0.106616E-01  0.390212E-04  0.109723E-01  0.419417E-03
  19     7  0.195481E+02  0.363287E+00  0.211425E+00  0.256679E-03  0.151606E+00  0.858248E+01  0.161084E+00  0.939434E-01  0.446190E-01  0.110689E-01  0.153736E-04  0.112229E-01  0.214300E-03
  19     8  0.238436E+02  0.367491E+00  0.214341E+00  0.127334E-03  0.153022E+00  0.104920E+02  0.163210E+00  0.952122E-01  0.452564E-01  0.112829E-01  0.583573E-05  0.113508E-01  0.101883E-03
  19     9  0.281632E+02  0.369347E+00  0.215462E+00  0.594757E-04  0.153826E+00  0.124128E+02  0.164323E+00  0.959965E-01  0.455138E-01  0.113698E-01  0.217708E-05  0.113942E-01  0.461488E-04
  20     1  0.306216E+00  0.103691E-01  0.557006E-02  0.455975E-04  0.475344E-02  0.111756E+00  0.375628E-02  0.207455E-02  0.107268E-02  0.204664E-03  0.237945E-04  0.309350E-03  0.712369E-04
  20     2  0.319099E+01  0.111958E+00  0.632219E-01  0.421023E-03  0.483149E-01  0.106865E+01  0.378155E-01  0.217962E-01  0.101630E-01  0.206861E-02  0.174581E-03  0.287451E-02  0.738590E-03
  20     3  0.722905E+01  0.232972E+00  0.133024E+00  0.949016E-03  0.989996E-01  0.290147E+01  0.934743E-01  0.541693E-01  0.253257E-01  0.556382E-02  0.266470E-03  0.690221E-02  0.124679E-02
  20     4  0.814869E+01  0.306584E+00  0.176062E+00  0.106286E-02  0.129459E+00  0.347595E+01  0.132686E+00  0.770337E-01  0.362945E-01  0.844949E-02  0.194889E-03  0.957421E-02  0.113916E-02
  20     5  0.111855E+02  0.347734E+00  0.200913E+00  0.814514E-03  0.146007E+00  0.484813E+01  0.152937E+00  0.889744E-01  0.420763E-01  0.101633E-01  0.985638E-04  0.108427E-01  0.781653E-03
  20     6  0.151587E+02  0.367870E+00  0.213354E+00  0.505792E-03  0.154010E+00  0.662775E+01  0.162961E+00  0.949921E-01  0.449932E-01  0.110677E-01  0.421641E-04  0.114176E-01  0.448048E-03
  20     7  0.193771E+02  0.377794E+00  0.219849E+00  0.274705E-03  0.157670E+00  0.850079E+01  0.167843E+00  0.979496E-01  0.464315E-01  0.115286E-01  0.166509E-04  0.116871E-01  0.229813E-03
  20     8  0.236664E+02  0.382338E+00  0.222932E+00  0.136667E-03  0.159269E+00  0.104126E+02  0.169943E+00  0.991614E-01  0.471075E-01  0.117501E-01  0.632644E-05  0.118083E-01  0.109515E-03
  20     9  0.279866E+02  0.384667E+00  0.224562E+00  0.639974E-04  0.160041E+00  0.123316E+02  0.170839E+00  0.996923E-01  0.473820E-01  0.118470E-01  0.236183E-05  0.118661E-01  0.496638E-04
  21     1  0.264602E+00  0.926380E-02  0.496316E-02  0.411411E-04  0.425950E-02  0.972193E-01  0.337659E-02  0.186440E-02  0.964756E-03  0.183730E-03  0.215123E-04  0.278772E-03  0.634156E-04
  21     2  0.301967E+01  0.110440E+00  0.623320E-01  0.415593E-03  0.476922E-01  0.100811E+01  0.372313E-01  0.214305E-01  0.100288E-01  0.203138E-02  0.174598E-03  0.283340E-02  0.732589E-03
  21     3  0.713586E+01  0.238580E+00  0.136291E+00  0.971262E-03  0.101318E+00  0.283955E+01  0.950996E-01  0.551060E-01  0.257614E-01  0.563144E-02  0.277276E-03  0.703280E-02  0.129078E-02
  21     4  0.809054E+01  0.316670E+00  0.181689E+00  0.110991E-02  0.133871E+00  0.345099E+01  0.136728E+00  0.793410E-01  0.374138E-01  0.869172E-02  0.206979E-03  0.987770E-02  0.119645E-02
  21     5  0.110392E+02  0.360367E+00  0.208178E+00  0.859889E-03  0.151330E+00  0.478461E+01  0.158438E+00  0.921184E-01  0.436279E-01  0.105203E-01  0.105686E-03  0.112374E-01  0.828362E-03
  21     6  0.150076E+02  0.381975E+00  0.221529E+00  0.537418E-03  0.159909E+00  0.655820E+01  0.169279E+00  0.986074E-01  0.467829E-01  0.114984E-01  0.454243E-04  0.118670E-01  0.477538E-03
  21     7  0.192051E+02  0.392860E+00  0.228658E+00  0.293206E-03  0.163909E+00  0.842902E+01  0.174439E+00  0.101731E+00  0.483056E-01  0.119808E-01  0.179755E-04  0.121572E-01  0.245720E-03
  21     8  0.235032E+02  0.397540E+00  0.231742E+00  0.146242E-03  0.165652E+00  0.103356E+02  0.176624E+00  0.103036E+00  0.489675E-01  0.121970E-01  0.683726E-05  0.122997E-01  0.117368E-03
  21     9  0.278265E+02  0.400257E+00  0.233629E+00  0.686046E-04  0.166560E+00  0.122569E+02  0.177674E+00  0.103715E+00  0.492800E-01  0.122995E-01  0.255342E-05  0.123234E-01  0.533333E-04
  22     1  0.229365E+00  0.824765E-02  0.441469E-02  0.369483E-04  0.379602E-02  0.845135E-01  0.301827E-02  0.166247E-02  0.865573E-03  0.164352E-03  0.194439E-04  0.249950E-03  0.564788E-04
  22     2  0.285762E+01  0.108889E+00  0.613652E-01  0.409523E-03  0.471143E-01  0.951578E+00  0.365744E-01  0.210100E-01  0.987682E-02  0.199232E-02  0.174163E-03  0.279619E-02  0.724898E-03
  22     3  0.701527E+01  0.243993E+00  0.139350E+00  0.991705E-03  0.103652E+00  0.277923E+01  0.965866E-01  0.559556E-01  0.261572E-01  0.570529E-02  0.287471E-03  0.714820E-02  0.133282E-02
  22     4  0.804020E+01  0.326490E+00  0.187278E+00  0.115806E-02  0.138054E+00  0.342481E+01  0.140796E+00  0.816753E-01  0.385276E-01  0.893751E-02  0.219302E-03  0.101831E-01  0.125350E-02
  22     5  0.108916E+02  0.372715E+00  0.215238E+00  0.905465E-03  0.156572E+00  0.472203E+01  0.164016E+00  0.954082E-01  0.451240E-01  0.108609E-01  0.113007E-03  0.116342E-01  0.875306E-03
  22     6  0.148384E+02  0.396183E+00  0.229812E+00  0.569638E-03  0.165802E+00  0.648694E+01  0.175538E+00  0.102230E+00  0.485268E-01  0.119148E-01  0.487912E-04  0.123105E-01  0.507491E-03
  22     7  0.190465E+02  0.407349E+00  0.236994E+00  0.312038E-03  0.170043E+00  0.836067E+01  0.180980E+00  0.105556E+00  0.500981E-01  0.124298E-01  0.193476E-04  0.126150E-01  0.262048E-03
  22     8  0.233318E+02  0.412637E+00  0.240522E+00  0.156117E-03  0.171959E+00  0.102677E+02  0.183489E+00  0.107079E+00  0.508426E-01  0.126716E-01  0.736507E-05  0.127636E-01  0.125468E-03
  22     9  0.276542E+02  0.415595E+00  0.242673E+00  0.733756E-04  0.172848E+00  0.121869E+02  0.184568E+00  0.107787E+00  0.511366E-01  0.127743E-01  0.275286E-05  0.128106E-01  0.570861E-04
  23     1  0.198020E+00  0.735161E-02  0.392612E-02  0.332194E-04  0.339226E-02  0.735770E-01  0.269863E-02  0.148328E-02  0.775535E-03  0.147441E-03  0.175056E-04  0.224590E-03  0.502780E-04
  23     2  0.270089E+01  0.107029E+00  0.602550E-01  0.403582E-03  0.463700E-01  0.900761E+00  0.359816E-01  0.206618E-01  0.972213E-02  0.195439E-02  0.173515E-03  0.275374E-02  0.715945E-03
  23     3  0.691171E+01  0.249196E+00  0.142336E+00  0.101034E-02  0.105850E+00  0.271565E+01  0.979365E-01  0.567595E-01  0.264802E-01  0.577254E-02  0.297451E-03  0.725111E-02  0.137577E-02
  23     4  0.799845E+01  0.336123E+00  0.192701E+00  0.120385E-02  0.142218E+00  0.340559E+01  0.144844E+00  0.840208E-01  0.396264E-01  0.917045E-02  0.231609E-03  0.104837E-01  0.131126E-02
  23     5  0.107593E+02  0.385580E+00  0.222584E+00  0.951996E-03  0.162044E+00  0.465993E+01  0.169387E+00  0.985087E-01  0.466014E-01  0.112077E-01  0.120545E-03  0.120255E-01  0.923361E-03
  23     6  0.146970E+02  0.410197E+00  0.238068E+00  0.602227E-03  0.171526E+00  0.642054E+01  0.181717E+00  0.105905E+00  0.501520E-01  0.123235E-01  0.522562E-04  0.127458E-01  0.537996E-03
  23     7  0.188900E+02  0.422575E+00  0.245820E+00  0.331365E-03  0.176424E+00  0.828992E+01  0.187299E+00  0.109197E+00  0.518600E-01  0.128671E-01  0.207696E-04  0.130759E-01  0.278696E-03
  23     8  0.231805E+02  0.427768E+00  0.249244E+00  0.166254E-03  0.178358E+00  0.101966E+02  0.190224E+00  0.111019E+00  0.527072E-01  0.131295E-01  0.791545E-05  0.132261E-01  0.133769E-03
  23     9  0.274974E+02  0.430511E+00  0.251330E+00  0.782640E-04  0.179102E+00  0.121137E+02  0.191348E+00  0.111661E+00  0.530921E-01  0.132545E-01  0.295867E-05  0.132764E-01  0.609782E-04
  24     1  0.172270E+00  0.653048E-02  0.347771E-02  0.297049E-04  0.302306E-02  0.639732E-01  0.241342E-02  0.132379E-02  0.696562E-03  0.131473E-03  0.157097E-04  0.201255E-03  0.446332E-04
  24     2  0.255618E+01  0.105158E+00  0.590952E-01  0.397437E-03  0.456654E-01  0.851153E+00  0.352943E-01  0.202510E-01  0.954532E-02  0.191501E-02  0.172445E-03  0.270485E-02  0.705641E-03
  24     3  0.679579E+01  0.253946E+00  0.144993E+00  0.102770E-02  0.107925E+00  0.264993E+01  0.992461E-01  0.575372E-01  0.268102E-01  0.582259E-02  0.307244E-03  0.735230E-02  0.141656E-02
  24     4  0.796530E+01  0.345632E+00  0.198076E+00  0.124918E-02  0.146307E+00  0.338944E+01  0.148884E+00  0.863723E-01  0.407086E-01  0.940507E-02  0.244156E-03  0.107858E-01  0.136826E-02
  24     5  0.106274E+02  0.397864E+00  0.229577E+00  0.998490E-03  0.167288E+00  0.460306E+01  0.174949E+00  0.101765E+00  0.481110E-01  0.115666E-01  0.128240E-03  0.124063E-01  0.971414E-03
  24     6  0.145559E+02  0.424429E+00  0.246185E+00  0.635562E-03  0.177608E+00  0.635780E+01  0.187849E+00  0.109435E+00  0.518734E-01  0.127351E-01  0.558488E-04  0.131809E-01  0.569258E-03
  24     7  0.187433E+02  0.437213E+00  0.254259E+00  0.351055E-03  0.182604E+00  0.822357E+01  0.194074E+00  0.113190E+00  0.537129E-01  0.133210E-01  0.222413E-04  0.135320E-01  0.295925E-03
  24     8  0.230466E+02  0.443003E+00  0.258264E+00  0.176619E-03  0.184562E+00  0.101280E+02  0.196941E+00  0.114946E+00  0.545921E-01  0.135721E-01  0.848621E-05  0.136794E-01  0.142289E-03
  24     9  0.273379E+02  0.445883E+00  0.260054E+00  0.832498E-04  0.185746E+00  0.120496E+02  0.198232E+00  0.115735E+00  0.549331E-01  0.137292E-01  0.317260E-05  0.137658E-01  0.649582E-04
  25     1  0.149157E+00  0.580927E-02  0.309655E-02  0.265673E-04  0.268616E-02  0.557023E-01  0.215507E-02  0.118038E-02  0.623170E-03  0.117612E-03  0.141372E-04  0.180196E-03  0.395772E-04
  25     2  0.241822E+01  0.103149E+00  0.579443E-01  0.390238E-03  0.448141E-01  0.806233E+00  0.345792E-01  0.198186E-01  0.935924E-02  0.187630E-02  0.171202E-03  0.265900E-02  0.694877E-03
  25     3  0.667772E+01  0.258625E+00  0.147625E+00  0.104512E-02  0.109954E+00  0.259136E+01  0.100435E+00  0.582205E-01  0.271233E-01  0.587613E-02  0.316577E-03  0.744391E-02  0.145462E-02
  25     4  0.793972E+01  0.355158E+00  0.203678E+00  0.129551E-02  0.150184E+00  0.337321E+01  0.152667E+00  0.885589E-01  0.417270E-01  0.962769E-02  0.256874E-03  0.110715E-01  0.142489E-02
  25     5  0.105086E+02  0.410651E+00  0.236872E+00  0.104534E-02  0.172734E+00  0.454954E+01  0.180203E+00  0.104804E+00  0.495435E-01  0.119006E-01  0.136086E-03  0.127987E-01  0.102064E-02
  25     6  0.144190E+02  0.438513E+00  0.254428E+00  0.669294E-03  0.183415E+00  0.629376E+01  0.193958E+00  0.112949E+00  0.535750E-01  0.131484E-01  0.595225E-04  0.136251E-01  0.600983E-03
  25     7  0.186012E+02  0.452182E+00  0.263072E+00  0.371442E-03  0.188739E+00  0.816039E+01  0.200690E+00  0.117012E+00  0.555763E-01  0.137666E-01  0.237575E-04  0.139974E-01  0.313429E-03
  25     8  0.228865E+02  0.458371E+00  0.267198E+00  0.187312E-03  0.190985E+00  0.100648E+02  0.203664E+00  0.118889E+00  0.564172E-01  0.140578E-01  0.907294E-05  0.141406E-01  0.151069E-03
  25     9  0.272014E+02  0.461302E+00  0.269274E+00  0.884726E-04  0.191940E+00  0.119804E+02  0.205067E+00  0.119690E+00  0.568767E-01  0.141971E-01  0.339420E-05  0.142312E-01  0.690533E-04
  26     1  0.128623E+00  0.515027E-02  0.273991E-02  0.237447E-04  0.238662E-02  0.484540E-01  0.192001E-02  0.105134E-02  0.555746E-03  0.104894E-03  0.126662E-04  0.160205E-03  0.351585E-04
  26     2  0.228456E+01  0.101014E+00  0.566124E-01  0.383036E-03  0.440183E-01  0.762730E+00  0.338359E-01  0.193682E-01  0.917566E-02  0.183458E-02  0.169829E-03  0.260717E-02  0.680463E-03
  26     3  0.656987E+01  0.263287E+00  0.150218E+00  0.106028E-02  0.112008E+00  0.252749E+01  0.101551E+00  0.588320E-01  0.274399E-01  0.592613E-02  0.325803E-03  0.753402E-02  0.149262E-02
  26     4  0.792023E+01  0.364434E+00  0.208851E+00  0.134032E-02  0.154242E+00  0.336066E+01  0.156504E+00  0.907903E-01  0.427703E-01  0.984410E-02  0.269480E-03  0.113484E-01  0.148142E-02
  26     5  0.103916E+02  0.422993E+00  0.244119E+00  0.109255E-02  0.177782E+00  0.449478E+01  0.185553E+00  0.107866E+00  0.510444E-01  0.122428E-01  0.144137E-03  0.131857E-01  0.107068E-02
  26     6  0.142744E+02  0.452322E+00  0.262208E+00  0.703905E-03  0.189411E+00  0.623241E+01  0.200068E+00  0.116517E+00  0.552507E-01  0.135540E-01  0.633217E-04  0.140495E-01  0.633301E-03
  26     7  0.184612E+02  0.466282E+00  0.271339E+00  0.391772E-03  0.194551E+00  0.809801E+01  0.207258E+00  0.120888E+00  0.573559E-01  0.142057E-01  0.253188E-04  0.144517E-01  0.331304E-03
  26     8  0.227386E+02  0.473657E+00  0.276070E+00  0.198123E-03  0.197390E+00  0.100030E+02  0.210358E+00  0.122718E+00  0.583123E-01  0.145206E-01  0.967906E-05  0.146380E-01  0.160008E-03
  26     9  0.270526E+02  0.476603E+00  0.278154E+00  0.937874E-04  0.198355E+00  0.119221E+02  0.211775E+00  0.123652E+00  0.587075E-01  0.146388E-01  0.362321E-05  0.147005E-01  0.732556E-04
  27     1  0.112052E+00  0.457074E-02  0.242994E-02  0.211381E-04  0.211967E-02  0.420396E-01  0.170627E-02  0.933844E-03  0.493551E-03  0.931745E-04  0.113708E-04  0.143179E-03  0.311551E-04
  27     2  0.216376E+01  0.987283E-01  0.553082E-01  0.375781E-03  0.430444E-01  0.723160E+00  0.331182E-01  0.189335E-01  0.899699E-02  0.179446E-02  0.167843E-03  0.255729E-02  0.668097E-03
  27     3  0.644310E+01  0.267371E+00  0.152644E+00  0.107491E-02  0.113653E+00  0.246812E+01  0.102516E+00  0.594482E-01  0.276325E-01  0.595817E-02  0.334523E-03  0.761353E-02  0.152876E-02
  27     4  0.790324E+01  0.373450E+00  0.213968E+00  0.138510E-02  0.158097E+00  0.335168E+01  0.160187E+00  0.929455E-01  0.437333E-01  0.100514E-01  0.282290E-03  0.116355E-01  0.153910E-02
  27     5  0.102787E+02  0.435039E+00  0.250983E+00  0.114058E-02  0.182916E+00  0.444621E+01  0.190908E+00  0.111060E+00  0.524252E-01  0.125740E-01  0.152358E-03  0.135760E-01  0.112012E-02
  27     6  0.141486E+02  0.466232E+00  0.270384E+00  0.738321E-03  0.195110E+00  0.617746E+01  0.206263E+00  0.120187E+00  0.569013E-01  0.139495E-01  0.672201E-04  0.144913E-01  0.666028E-03
  27     7  0.183253E+02  0.481590E+00  0.280190E+00  0.412725E-03  0.200987E+00  0.803682E+01  0.213677E+00  0.124581E+00  0.591510E-01  0.146615E-01  0.269339E-04  0.149078E-01  0.349548E-03
  27     8  0.226069E+02  0.488712E+00  0.284791E+00  0.209239E-03  0.203711E+00  0.993922E+01  0.217087E+00  0.126742E+00  0.600990E-01  0.149826E-01  0.103053E-04  0.150846E-01  0.169211E-03
  27     9  0.269153E+02  0.491656E+00  0.286716E+00  0.992532E-04  0.204841E+00  0.118619E+02  0.218636E+00  0.127611E+00  0.606682E-01  0.151113E-01  0.385869E-05  0.151637E-01  0.775593E-04
  28     1  0.969194E-01  0.404516E-02  0.214409E-02  0.188318E-04  0.188224E-02  0.364943E-01  0.151592E-02  0.828676E-03  0.438987E-03  0.830776E-04  0.101357E-04  0.127479E-03  0.275628E-04
  28     2  0.204509E+01  0.963124E-01  0.538608E-01  0.368093E-03  0.420835E-01  0.682643E+00  0.323801E-01  0.184960E-01  0.880708E-02  0.175114E-02  0.166054E-03  0.250486E-02  0.654989E-03
  28     3  0.633602E+01  0.271458E+00  0.154908E+00  0.108819E-02  0.115462E+00  0.240970E+01  0.103431E+00  0.599472E-01  0.278934E-01  0.600259E-02  0.342727E-03  0.768112E-02  0.156399E-02
  28     4  0.789612E+01  0.382555E+00  0.219150E+00  0.142961E-02  0.161975E+00  0.334473E+01  0.163864E+00  0.950605E-01  0.447447E-01  0.102669E-01  0.295054E-03  0.119016E-01  0.159548E-02
  28     5  0.101716E+02  0.447631E+00  0.258219E+00  0.118751E-02  0.188224E+00  0.439555E+01  0.196128E+00  0.113980E+00  0.539348E-01  0.129195E-01  0.160736E-03  0.139632E-01  0.117031E-02
  28     6  0.140238E+02  0.479925E+00  0.278251E+00  0.774257E-03  0.200900E+00  0.612036E+01  0.212573E+00  0.123825E+00  0.586908E-01  0.143726E-01  0.712116E-04  0.149138E-01  0.699625E-03
  28     7  0.181908E+02  0.496073E+00  0.288588E+00  0.433983E-03  0.207052E+00  0.797703E+01  0.220174E+00  0.128432E+00  0.608913E-01  0.151061E-01  0.285833E-04  0.153481E-01  0.368246E-03
  28     8  0.224653E+02  0.503827E+00  0.293647E+00  0.220468E-03  0.209960E+00  0.988032E+01  0.223834E+00  0.130672E+00  0.619770E-01  0.154383E-01  0.109516E-04  0.155564E-01  0.178617E-03
  28     9  0.267843E+02  0.507133E+00  0.295995E+00  0.104763E-03  0.211033E+00  0.118014E+02  0.225292E+00  0.131512E+00  0.624573E-01  0.155973E-01  0.410250E-05  0.156397E-01  0.819582E-04
  29     1  0.840097E-01  0.357471E-02  0.189405E-02  0.168052E-04  0.166386E-02  0.317538E-01  0.134506E-02  0.733764E-03  0.391332E-03  0.735083E-04  0.902166E-05  0.113100E-03  0.243362E-04
  29     2  0.193420E+01  0.940824E-01  0.525281E-01  0.360306E-03  0.411940E-01  0.647962E+00  0.316042E-01  0.180339E-01  0.860598E-02  0.171032E-02  0.163920E-03  0.245038E-02  0.639645E-03
  29     3  0.622464E+01  0.275315E+00  0.157029E+00  0.110013E-02  0.117186E+00  0.235003E+01  0.104353E+00  0.605056E-01  0.281180E-01  0.603486E-02  0.350927E-03  0.774647E-02  0.159676E-02
  29     4  0.788356E+01  0.391536E+00  0.224213E+00  0.147224E-02  0.165851E+00  0.333803E+01  0.167367E+00  0.970492E-01  0.457099E-01  0.104743E-01  0.307924E-03  0.121738E-01  0.165163E-02
  29     5  0.100662E+02  0.459484E+00  0.264917E+00  0.123593E-02  0.193332E+00  0.435096E+01  0.201440E+00  0.117049E+00  0.554136E-01  0.132424E-01  0.169245E-03  0.143438E-01  0.122168E-02
  29     6  0.139026E+02  0.493718E+00  0.286109E+00  0.809563E-03  0.206800E+00  0.606668E+01  0.218526E+00  0.127248E+00  0.603438E-01  0.147840E-01  0.753012E-04  0.153411E-01  0.733882E-03
  29     7  0.180743E+02  0.511097E+00  0.297068E+00  0.455748E-03  0.213574E+00  0.792036E+01  0.226508E+00  0.132031E+00  0.627166E-01  0.155290E-01  0.303000E-04  0.158134E-01  0.387383E-03
  29     8  0.223509E+02  0.518734E+00  0.302321E+00  0.232150E-03  0.216181E+00  0.982556E+01  0.230489E+00  0.134465E+00  0.638987E-01  0.158967E-01  0.116166E-04  0.160287E-01  0.188178E-03
  29     9  0.266658E+02  0.522301E+00  0.304844E+00  0.110443E-03  0.217347E+00  0.117429E+02  0.232354E+00  0.135708E+00  0.643575E-01  0.160731E-01  0.435318E-05  0.161244E-01  0.864994E-04
  30     1  0.725577E-01  0.316746E-02  0.167548E-02  0.149382E-04  0.147705E-02  0.276269E-01  0.119285E-02  0.650564E-03  0.346790E-03  0.654206E-04  0.802620E-05  0.100620E-03  0.214319E-04
  30     2  0.182856E+01  0.916888E-01  0.511545E-01  0.352306E-03  0.401819E-01  0.614041E+00  0.308537E-01  0.175859E-01  0.841496E-02  0.166752E-02  0.161336E-03  0.239986E-02  0.624097E-03
  30     3  0.610573E+01  0.278973E+00  0.159170E+00  0.111055E-02  0.118692E+00  0.229496E+01  0.105073E+00  0.609057E-01  0.282928E-01  0.606693E-02  0.358812E-03  0.781800E-02  0.163082E-02
  30     4  0.787424E+01  0.400263E+00  0.229252E+00  0.151503E-02  0.169496E+00  0.332977E+01  0.171023E+00  0.991721E-01  0.466912E-01  0.106795E-01  0.320880E-03  0.124515E-01  0.170810E-02
  30     5  0.996644E+01  0.471738E+00  0.272063E+00  0.128358E-02  0.198391E+00  0.430378E+01  0.206677E+00  0.120107E+00  0.568139E-01  0.135762E-01  0.177972E-03  0.147288E-01  0.127322E-02
  30     6  0.137818E+02  0.507781E+00  0.294287E+00  0.845944E-03  0.212648E+00  0.601422E+01  0.224660E+00  0.130867E+00  0.619796E-01  0.151776E-01  0.794985E-04  0.157886E-01  0.767873E-03
  30     7  0.179479E+02  0.525529E+00  0.305732E+00  0.477695E-03  0.219319E+00  0.786505E+01  0.233177E+00  0.136002E+00  0.644894E-01  0.159830E-01  0.320514E-04  0.162642E-01  0.406628E-03
  30     8  0.222149E+02  0.533741E+00  0.311022E+00  0.243986E-03  0.222475E+00  0.976712E+01  0.237161E+00  0.138374E+00  0.657293E-01  0.163583E-01  0.122975E-04  0.164895E-01  0.197949E-03
  30     9  0.265275E+02  0.537812E+00  0.313901E+00  0.116285E-03  0.223795E+00  0.116860E+02  0.238863E+00  0.139372E+00  0.662769E-01  0.165243E-01  0.461262E-05  0.165939E-01  0.911332E-04
  31     1  0.629652E-01  0.279692E-02  0.147778E-02  0.132080E-04  0.130593E-02  0.239022E-01  0.105679E-02  0.576499E-03  0.307089E-03  0.577719E-04  0.713770E-05  0.893643E-04  0.189304E-04
  31     2  0.173160E+01  0.891236E-01  0.496321E-01  0.344941E-03  0.391465E-01  0.582527E+00  0.300635E-01  0.171142E-01  0.821405E-02  0.162493E-02  0.158967E-03  0.234228E-02  0.609031E-03
  31     3  0.600017E+01  0.282481E+00  0.161202E+00  0.112138E-02  0.120158E+00  0.223927E+01  0.105664E+00  0.612216E-01  0.284608E-01  0.608397E-02  0.366162E-03  0.786966E-02  0.166196E-02
  31     4  0.786663E+01  0.409047E+00  0.234305E+00  0.155679E-02  0.173185E+00  0.332774E+01  0.174430E+00  0.101146E+00  0.476120E-01  0.108774E-01  0.333861E-03  0.126968E-01  0.176398E-02
  31     5  0.987146E+01  0.483513E+00  0.278690E+00  0.133191E-02  0.203492E+00  0.426150E+01  0.211736E+00  0.123020E+00  0.582277E-01  0.138847E-01  0.186820E-03  0.150918E-01  0.132498E-02
  31     6  0.136707E+02  0.521462E+00  0.302213E+00  0.882347E-03  0.218367E+00  0.596412E+01  0.230554E+00  0.134278E+00  0.636205E-01  0.155733E-01  0.837951E-04  0.161956E-01  0.802961E-03
  31     7  0.178167E+02  0.540446E+00  0.314459E+00  0.500287E-03  0.225486E+00  0.781237E+01  0.239726E+00  0.139746E+00  0.663617E-01  0.164223E-01  0.338487E-04  0.167351E-01  0.426456E-03
  31     8  0.220998E+02  0.548869E+00  0.319785E+00  0.255929E-03  0.228829E+00  0.971365E+01  0.243759E+00  0.142203E+00  0.675508E-01  0.168062E-01  0.130014E-04  0.169780E-01  0.208000E-03
  31     9  0.264184E+02  0.552785E+00  0.322538E+00  0.122202E-03  0.230124E+00  0.116322E+02  0.245635E+00  0.143325E+00  0.681595E-01  0.169940E-01  0.487793E-05  0.170556E-01  0.958674E-04
  32     1  0.543919E-01  0.247001E-02  0.130514E-02  0.117143E-04  0.115316E-02  0.208173E-01  0.938028E-03  0.511311E-03  0.273300E-03  0.513045E-04  0.636195E-05  0.790207E-04  0.167304E-04
  32     2  0.163710E+01  0.867342E-01  0.482330E-01  0.336350E-03  0.381648E-01  0.551758E+00  0.292964E-01  0.166662E-01  0.801143E-02  0.158356E-02  0.156281E-03  0.228661E-02  0.592386E-03
  32     3  0.588596E+01  0.285617E+00  0.162942E+00  0.113103E-02  0.121544E+00  0.218188E+01  0.106391E+00  0.616599E-01  0.286422E-01  0.610346E-02  0.373470E-03  0.792085E-02  0.169153E-02
  32     4  0.786799E+01  0.417579E+00  0.239029E+00  0.160026E-02  0.176950E+00  0.332250E+01  0.177853E+00  0.103101E+00  0.485535E-01  0.110610E-01  0.346881E-03  0.129707E-01  0.181967E-02
  32     5  0.977669E+01  0.495118E+00  0.285368E+00  0.138026E-02  0.208370E+00  0.421979E+01  0.216888E+00  0.126079E+00  0.595582E-01  0.142083E-01  0.195808E-03  0.154703E-01  0.137621E-02
  32     6  0.135578E+02  0.535266E+00  0.310151E+00  0.919415E-03  0.224195E+00  0.591494E+01  0.236821E+00  0.137962E+00  0.653152E-01  0.159674E-01  0.881786E-04  0.166500E-01  0.838554E-03
  32     7  0.177107E+02  0.554692E+00  0.322558E+00  0.522854E-03  0.231611E+00  0.776334E+01  0.246235E+00  0.143587E+00  0.681093E-01  0.168707E-01  0.356900E-04  0.171859E-01  0.446450E-03
  32     8  0.219771E+02  0.563985E+00  0.328717E+00  0.268292E-03  0.235000E+00  0.966220E+01  0.250647E+00  0.146252E+00  0.694419E-01  0.172791E-01  0.137216E-04  0.174420E-01  0.218216E-03
  32     9  0.262881E+02  0.568373E+00  0.331559E+00  0.128311E-03  0.236686E+00  0.115815E+02  0.252644E+00  0.147555E+00  0.699813E-01  0.174670E-01  0.515127E-05  0.175340E-01  0.100747E-03
  33     1  0.472337E-01  0.217857E-02  0.114947E-02  0.104014E-04  0.101871E-02  0.180901E-01  0.826899E-03  0.449621E-03  0.241535E-03  0.453482E-04  0.564119E-05  0.700124E-04  0.147410E-04
  33     2  0.154882E+01  0.842952E-01  0.468304E-01  0.328361E-03  0.371364E-01  0.524608E+00  0.285055E-01  0.161779E-01  0.782198E-02  0.154021E-02  0.153406E-03  0.223525E-02  0.576792E-03
  33     3  0.577559E+01  0.288820E+00  0.164819E+00  0.113888E-02  0.122862E+00  0.212598E+01  0.106814E+00  0.619109E-01  0.287291E-01  0.612054E-02  0.380432E-03  0.795285E-02  0.171996E-02
  33     4  0.786675E+01  0.425970E+00  0.243795E+00  0.163965E-02  0.180536E+00  0.331777E+01  0.181165E+00  0.105041E+00  0.494248E-01  0.112570E-01  0.359721E-03  0.132065E-01  0.187578E-02
  33     5  0.968655E+01  0.507251E+00  0.292288E+00  0.142903E-02  0.213534E+00  0.417867E+01  0.222081E+00  0.129085E+00  0.609821E-01  0.145357E-01  0.204961E-03  0.158437E-01  0.142913E-02
  33     6  0.134510E+02  0.548672E+00  0.318014E+00  0.956905E-03  0.229701E+00  0.586740E+01  0.242831E+00  0.141464E+00  0.669540E-01  0.163665E-01  0.926497E-04  0.170796E-01  0.874331E-03
  33     7  0.175914E+02  0.569293E+00  0.330940E+00  0.546065E-03  0.237806E+00  0.771320E+01  0.252473E+00  0.147126E+00  0.698835E-01  0.173062E-01  0.375843E-04  0.176536E-01  0.466983E-03
  33     8  0.218642E+02  0.579041E+00  0.337196E+00  0.280678E-03  0.241564E+00  0.961339E+01  0.257444E+00  0.150217E+00  0.713060E-01  0.177652E-01  0.144630E-04  0.179130E-01  0.228653E-03
  33     9  0.261801E+02  0.583152E+00  0.340157E+00  0.134414E-03  0.242861E+00  0.115294E+02  0.259440E+00  0.151410E+00  0.719514E-01  0.179520E-01  0.542987E-05  0.180159E-01  0.105615E-03
  34     1  0.408836E-01  0.191665E-02  0.101086E-02  0.918008E-05  0.896603E-03  0.156974E-01  0.731660E-03  0.398038E-03  0.213575E-03  0.399935E-04  0.499978E-05  0.620768E-04  0.129766E-04
  34     2  0.146685E+01  0.818464E-01  0.453811E-01  0.320007E-03  0.361453E-01  0.497116E+00  0.277615E-01  0.157541E-01  0.762099E-02  0.149861E-02  0.150603E-03  0.217667E-02  0.560546E-03
  34     3  0.566870E+01  0.291610E+00  0.166252E+00  0.114639E-02  0.124211E+00  0.207656E+01  0.107336E+00  0.621964E-01  0.288744E-01  0.613535E-02  0.387096E-03  0.799610E-02  0.174626E-02
  34     4  0.785988E+01  0.433990E+00  0.248208E+00  0.168068E-02  0.184101E+00  0.331482E+01  0.184509E+00  0.106986E+00  0.503098E-01  0.114447E-01  0.372742E-03  0.134635E-01  0.193217E-02
  34     5  0.960075E+01  0.519061E+00  0.299072E+00  0.147814E-02  0.218510E+00  0.414085E+01  0.227280E+00  0.132100E+00  0.624393E-01  0.148429E-01  0.214211E-03  0.162017E-01  0.148180E-02
  34     6  0.133496E+02  0.562917E+00  0.326186E+00  0.994150E-03  0.235736E+00  0.582043E+01  0.248810E+00  0.144914E+00  0.686191E-01  0.167635E-01  0.972862E-04  0.175050E-01  0.910510E-03
  34     7  0.174852E+02  0.583865E+00  0.339196E+00  0.569457E-03  0.244099E+00  0.766210E+01  0.259119E+00  0.151046E+00  0.717183E-01  0.177373E-01  0.395228E-04  0.180903E-01  0.487650E-03
  34     8  0.217582E+02  0.594283E+00  0.346498E+00  0.293313E-03  0.247492E+00  0.956229E+01  0.263967E+00  0.153965E+00  0.731703E-01  0.182140E-01  0.152254E-04  0.183627E-01  0.239231E-03
  34     9  0.260618E+02  0.599077E+00  0.349405E+00  0.140631E-03  0.249531E+00  0.114822E+02  0.266263E+00  0.155461E+00  0.737930E-01  0.184164E-01  0.571740E-05  0.184760E-01  0.110742E-03
  35     1  0.354586E-01  0.169089E-02  0.889526E-03  0.811453E-05  0.793249E-03  0.136299E-01  0.645398E-03  0.350927E-03  0.188620E-03  0.353164E-04  0.442121E-05  0.546421E-04  0.114703E-04
  35     2  0.138781E+01  0.794517E-01  0.440111E-01  0.312004E-03  0.351286E-01  0.472272E+00  0.269531E-01  0.152584E-01  0.742686E-02  0.145707E-02  0.147700E-03  0.211827E-02  0.544813E-03
  35     3  0.556685E+01  0.294347E+00  0.167836E+00  0.115332E-02  0.125358E+00  0.202501E+01  0.107750E+00  0.624238E-01  0.289851E-01  0.613957E-02  0.393332E-03  0.803643E-02  0.177201E-02
  35     4  0.785817E+01  0.442262E+00  0.253170E+00  0.172172E-02  0.187370E+00  0.330963E+01  0.187529E+00  0.108668E+00  0.511701E-01  0.116175E-01  0.385754E-03  0.137017E-01  0.198571E-02
  35     5  0.951954E+01  0.530838E+00  0.305724E+00  0.152636E-02  0.223588E+00  0.410371E+01  0.232225E+00  0.134972E+00  0.637520E-01  0.151693E-01  0.223654E-03  0.165735E-01  0.153473E-02
  35     6  0.132479E+02  0.576405E+00  0.334071E+00  0.103234E-02  0.241301E+00  0.577386E+01  0.254504E+00  0.148108E+00  0.702604E-01  0.171636E-01  0.101935E-03  0.179234E-01  0.946990E-03
  35     7  0.173880E+02  0.598492E+00  0.347897E+00  0.593250E-03  0.250003E+00  0.761558E+01  0.265767E+00  0.154964E+00  0.735338E-01  0.181661E-01  0.415093E-04  0.185534E-01  0.508804E-03
  35     8  0.216498E+02  0.609094E+00  0.354740E+00  0.306476E-03  0.254048E+00  0.951356E+01  0.270695E+00  0.157949E+00  0.750125E-01  0.186515E-01  0.160009E-04  0.188167E-01  0.250119E-03
  35     9  0.259555E+02  0.613963E+00  0.358145E+00  0.147113E-03  0.255670E+00  0.114267E+02  0.273061E+00  0.159388E+00  0.757070E-01  0.188830E-01  0.601257E-05  0.189613E-01  0.115840E-03
  36     1  0.307339E-01  0.149037E-02  0.784543E-03  0.717519E-05  0.698651E-03  0.118198E-01  0.568798E-03  0.308969E-03  0.166642E-03  0.310617E-04  0.390390E-05  0.481462E-04  0.100761E-04
  36     2  0.131257E+01  0.770204E-01  0.426106E-01  0.303572E-03  0.341062E-01  0.447241E+00  0.261939E-01  0.148219E-01  0.721916E-02  0.141334E-02  0.144745E-03  0.206605E-02  0.528714E-03
  36     3  0.545963E+01  0.296826E+00  0.169162E+00  0.116038E-02  0.126504E+00  0.197569E+01  0.108144E+00  0.626584E-01  0.290709E-01  0.614757E-02  0.399345E-03  0.807146E-02  0.179650E-02
  36     4  0.785843E+01  0.450298E+00  0.257659E+00  0.175971E-02  0.190879E+00  0.330691E+01  0.190730E+00  0.110532E+00  0.520333E-01  0.117855E-01  0.398673E-03  0.139400E-01  0.204048E-02
  36     5  0.943773E+01  0.542537E+00  0.312450E+00  0.157492E-02  0.228513E+00  0.406546E+01  0.237019E+00  0.137736E+00  0.650544E-01  0.154753E-01  0.233208E-03  0.169305E-01  0.158922E-02
  36     6  0.131501E+02  0.589968E+00  0.341497E+00  0.107145E-02  0.247399E+00  0.572776E+01  0.260544E+00  0.151684E+00  0.718761E-01  0.175398E-01  0.106731E-03  0.183528E-01  0.984318E-03
  36     7  0.172730E+02  0.613329E+00  0.356658E+00  0.617144E-03  0.256053E+00  0.756938E+01  0.272203E+00  0.158695E+00  0.753119E-01  0.186234E-01  0.435325E-04  0.189988E-01  0.530216E-03
  36     8  0.215347E+02  0.624850E+00  0.364116E+00  0.319560E-03  0.260414E+00  0.946699E+01  0.277407E+00  0.161801E+00  0.769038E-01  0.191168E-01  0.167985E-04  0.193072E-01  0.261108E-03
  36     9  0.258540E+02  0.629287E+00  0.367206E+00  0.153711E-03  0.261928E+00  0.113870E+02  0.279794E+00  0.163325E+00  0.775570E-01  0.193666E-01  0.631573E-05  0.194181E-01  0.121070E-03
  37     1  0.266912E-01  0.131216E-02  0.690544E-03  0.632497E-05  0.615291E-03  0.102243E-01  0.501158E-03  0.271860E-03  0.146974E-03  0.274302E-04  0.345944E-05  0.425862E-04  0.884809E-05
  37     2  0.124175E+01  0.745860E-01  0.411950E-01  0.295642E-03  0.330953E-01  0.424873E+00  0.254536E-01  0.143953E-01  0.702138E-02  0.137502E-02  0.141376E-03  0.200827E-02  0.512268E-03
  37     3  0.535201E+01  0.299023E+00  0.170436E+00  0.116639E-02  0.127420E+00  0.192829E+01  0.108395E+00  0.628477E-01  0.290878E-01  0.614197E-02  0.405190E-03  0.809245E-02  0.181986E-02
  37     4  0.785802E+01  0.458268E+00  0.262111E+00  0.179800E-02  0.194359E+00  0.329823E+01  0.193857E+00  0.112391E+00  0.528244E-01  0.119581E-01  0.411692E-03  0.141759E-01  0.209621E-02
  37     5  0.936020E+01  0.554242E+00  0.319216E+00  0.162409E-02  0.233403E+00  0.403347E+01  0.242131E+00  0.140774E+00  0.663885E-01  0.157811E-01  0.242873E-03  0.173018E-01  0.164237E-02
  37     6  0.130522E+02  0.603431E+00  0.349612E+00  0.111011E-02  0.252709E+00  0.568564E+01  0.266536E+00  0.155170E+00  0.735079E-01  0.179398E-01  0.111597E-03  0.187847E-01  0.102212E-02
  37     7  0.171777E+02  0.628083E+00  0.365002E+00  0.641842E-03  0.262439E+00  0.752433E+01  0.278553E+00  0.162422E+00  0.770352E-01  0.190486E-01  0.456025E-04  0.194492E-01  0.552025E-03
  37     8  0.214311E+02  0.639556E+00  0.372623E+00  0.332899E-03  0.266600E+00  0.941905E+01  0.284125E+00  0.165815E+00  0.786826E-01  0.195907E-01  0.176150E-04  0.197465E-01  0.272287E-03
  37     9  0.257509E+02  0.644724E+00  0.376067E+00  0.160356E-03  0.268497E+00  0.113388E+02  0.286613E+00  0.167286E+00  0.795095E-01  0.197924E-01  0.662416E-05  0.198924E-01  0.126436E-03
  38     1  0.230763E-01  0.115491E-02  0.605976E-03  0.558761E-05  0.543347E-03  0.887590E-02  0.441471E-03  0.239692E-03  0.129289E-03  0.241984E-04  0.305277E-05  0.374541E-04  0.778470E-05
  38     2  0.117506E+01  0.721913E-01  0.398416E-01  0.287456E-03  0.320622E-01  0.402597E+00  0.247100E-01  0.139584E-01  0.682740E-02  0.133388E-02  0.138357E-03  0.195464E-02  0.497301E-03
  38     3  0.525323E+01  0.301021E+00  0.171557E+00  0.117069E-02  0.128294E+00  0.188344E+01  0.108693E+00  0.630001E-01  0.291709E-01  0.615657E-02  0.410578E-03  0.811317E-02  0.184152E-02
  38     4  0.785001E+01  0.466288E+00  0.266761E+00  0.183691E-02  0.197691E+00  0.329349E+01  0.196839E+00  0.114098E+00  0.536376E-01  0.121241E-01  0.424624E-03  0.144050E-01  0.214964E-02
  38     5  0.928797E+01  0.565844E+00  0.325948E+00  0.167351E-02  0.238222E+00  0.399757E+01  0.246926E+00  0.143388E+00  0.678423E-01  0.160808E-01  0.252622E-03  0.176655E-01  0.169625E-02
  38     6  0.129548E+02  0.617217E+00  0.357377E+00  0.114947E-02  0.258690E+00  0.564439E+01  0.272603E+00  0.158654E+00  0.752306E-01  0.183465E-01  0.116578E-03  0.191951E-01  0.105988E-02
  38     7  0.170712E+02  0.642536E+00  0.373646E+00  0.666579E-03  0.268223E+00  0.747764E+01  0.284885E+00  0.166135E+00  0.787381E-01  0.194974E-01  0.477104E-04  0.198934E-01  0.573909E-03
  38     8  0.213283E+02  0.654518E+00  0.381357E+00  0.346305E-03  0.272815E+00  0.937434E+01  0.290685E+00  0.169642E+00  0.804850E-01  0.200404E-01  0.184502E-04  0.202152E-01  0.283529E-03
  38     9  0.256403E+02  0.659931E+00  0.385211E+00  0.167112E-03  0.274553E+00  0.112935E+02  0.293076E+00  0.171016E+00  0.812683E-01  0.202830E-01  0.694175E-05  0.203702E-01  0.131827E-03
  39     1  0.200857E-01  0.101270E-02  0.532648E-03  0.493654E-05  0.475118E-03  0.771997E-02  0.388706E-03  0.210509E-03  0.114239E-03  0.212762E-04  0.269927E-05  0.331519E-04  0.683167E-05
  39     2  0.111336E+01  0.699265E-01  0.384985E-01  0.279589E-03  0.311485E-01  0.382510E+00  0.239733E-01  0.135184E-01  0.664473E-02  0.129600E-02  0.135301E-03  0.189768E-02  0.481133E-03
  39     3  0.515411E+01  0.303100E+00  0.172713E+00  0.117456E-02  0.129213E+00  0.183604E+01  0.108869E+00  0.630577E-01  0.292502E-01  0.615102E-02  0.415905E-03  0.813237E-02  0.186186E-02
  39     4  0.784494E+01  0.474110E+00  0.271200E+00  0.187391E-02  0.201036E+00  0.328624E+01  0.199632E+00  0.115670E+00  0.544102E-01  0.122841E-01  0.437512E-03  0.146268E-01  0.220280E-02
  39     5  0.921684E+01  0.577162E+00  0.332185E+00  0.172179E-02  0.243256E+00  0.396810E+01  0.252096E+00  0.146443E+00  0.692154E-01  0.163945E-01  0.262572E-03  0.180295E-01  0.175070E-02
  39     6  0.128653E+02  0.630538E+00  0.365077E+00  0.118865E-02  0.264272E+00  0.560568E+01  0.278505E+00  0.162128E+00  0.768286E-01  0.187145E-01  0.121617E-03  0.196133E-01  0.109908E-02
  39     7  0.169813E+02  0.656960E+00  0.381530E+00  0.691748E-03  0.274738E+00  0.743609E+01  0.291282E+00  0.169776E+00  0.806079E-01  0.199117E-01  0.498912E-04  0.203393E-01  0.596603E-03
  39     8  0.212366E+02  0.669279E+00  0.389774E+00  0.360070E-03  0.279145E+00  0.933209E+01  0.297545E+00  0.173580E+00  0.824726E-01  0.204795E-01  0.193042E-04  0.206987E-01  0.295160E-03
  39     9  0.255529E+02  0.675079E+00  0.393789E+00  0.173993E-03  0.281115E+00  0.112454E+02  0.300226E+00  0.175307E+00  0.831595E-01  0.207648E-01  0.726559E-05  0.208505E-01  0.137384E-03
  40     1  0.173458E-01  0.888544E-03  0.466955E-03  0.433367E-05  0.417254E-03  0.667741E-02  0.341470E-03  0.184991E-03  0.100260E-03  0.187423E-04  0.237658E-05  0.291013E-04  0.599949E-05
  40     2  0.105237E+01  0.676130E-01  0.372059E-01  0.271590E-03  0.301356E-01  0.363223E+00  0.232513E-01  0.131074E-01  0.644404E-02  0.125624E-02  0.131988E-03  0.184657E-02  0.465152E-03
  40     3  0.504724E+01  0.304894E+00  0.173649E+00  0.117824E-02  0.130066E+00  0.179362E+01  0.109008E+00  0.631540E-01  0.292350E-01  0.615210E-02  0.420781E-03  0.816459E-02  0.188148E-02
  40     4  0.783665E+01  0.481832E+00  0.275490E+00  0.190966E-02  0.204432E+00  0.327845E+01  0.202716E+00  0.117481E+00  0.552363E-01  0.124444E-01  0.450325E-03  0.148471E-01  0.225635E-02
  40     5  0.915194E+01  0.588627E+00  0.338729E+00  0.177097E-02  0.248127E+00  0.393480E+01  0.256903E+00  0.149244E+00  0.704952E-01  0.167035E-01  0.272659E-03  0.183823E-01  0.180556E-02
  40     6  0.127795E+02  0.644247E+00  0.372964E+00  0.122867E-02  0.270054E+00  0.556300E+01  0.284506E+00  0.165693E+00  0.783958E-01  0.191194E-01  0.126759E-03  0.200326E-01  0.113795E-02
  40     7  0.168826E+02  0.671759E+00  0.390619E+00  0.716525E-03  0.280424E+00  0.739502E+01  0.297815E+00  0.173683E+00  0.823163E-01  0.203426E-01  0.520933E-04  0.208014E-01  0.619052E-03
  40     8  0.211402E+02  0.683952E+00  0.398341E+00  0.374290E-03  0.285237E+00  0.928605E+01  0.304001E+00  0.177353E+00  0.842449E-01  0.209284E-01  0.201740E-04  0.211477E-01  0.306876E-03
  40     9  0.254422E+02  0.690310E+00  0.402819E+00  0.180995E-03  0.287309E+00  0.112024E+02  0.306751E+00  0.178967E+00  0.850971E-01  0.212101E-01  0.759966E-05  0.213257E-01  0.142997E-03
  41     1  0.149709E-01  0.781151E-03  0.410049E-03  0.382111E-05  0.367280E-03  0.580377E-02  0.300664E-03  0.163343E-03  0.879139E-04  0.164625E-04  0.208946E-05  0.255790E-04  0.527631E-05
  41     2  0.996698E+00  0.653262E-01  0.359017E-01  0.263639E-03  0.291609E-01  0.344926E+00  0.225130E-01  0.126743E-01  0.624964E-02  0.121654E-02  0.128685E-03  0.179341E-02  0.450431E-03
  41     3  0.495108E+01  0.306425E+00  0.174489E+00  0.118052E-02  0.130755E+00  0.175060E+01  0.109051E+00  0.631400E-01  0.292829E-01  0.614283E-02  0.425287E-03  0.816128E-02  0.189847E-02
  41     4  0.782144E+01  0.489434E+00  0.279861E+00  0.194587E-02  0.207627E+00  0.326979E+01  0.205444E+00  0.119001E+00  0.559930E-01  0.126131E-01  0.463111E-03  0.150622E-01  0.231074E-02
  41     5  0.908604E+01  0.599503E+00  0.344984E+00  0.182087E-02  0.252698E+00  0.390540E+01  0.261672E+00  0.152004E+00  0.718118E-01  0.169859E-01  0.282815E-03  0.187286E-01  0.185967E-02
  41     6  0.126924E+02  0.657081E+00  0.380410E+00  0.126839E-02  0.275403E+00  0.552620E+01  0.290303E+00  0.169034E+00  0.800297E-01  0.194901E-01  0.131981E-03  0.204403E-01  0.117704E-02
  41     7  0.167849E+02  0.686213E+00  0.399000E+00  0.742766E-03  0.286471E+00  0.735306E+01  0.304236E+00  0.177357E+00  0.841569E-01  0.207619E-01  0.543442E-04  0.212643E-01  0.641966E-03
  41     8  0.210414E+02  0.699605E+00  0.407696E+00  0.388318E-03  0.291521E+00  0.924565E+01  0.310610E+00  0.181175E+00  0.860598E-01  0.214016E-01  0.210660E-04  0.216337E-01  0.318849E-03
  41     9  0.253559E+02  0.706028E+00  0.411749E+00  0.188126E-03  0.294090E+00  0.111614E+02  0.313555E+00  0.182993E+00  0.869426E-01  0.216889E-01  0.793746E-05  0.217744E-01  0.148730E-03
  42     1  0.130152E-01  0.686710E-03  0.360447E-03  0.335354E-05  0.322910E-03  0.503188E-02  0.263842E-03  0.142759E-03  0.776384E-04  0.144492E-04  0.184693E-05  0.225360E-04  0.461283E-05
  42     2  0.944014E+00  0.631279E-01  0.346630E-01  0.255892E-03  0.282090E-01  0.327628E+00  0.218045E-01  0.122626E-01  0.606369E-02  0.117745E-02  0.125512E-03  0.174065E-02  0.434598E-03
  42     3  0.485961E+01  0.307727E+00  0.175244E+00  0.118439E-02  0.131299E+00  0.170946E+01  0.109191E+00  0.632360E-01  0.293016E-01  0.612709E-02  0.430041E-03  0.818095E-02  0.191497E-02
  42     4  0.781360E+01  0.496880E+00  0.283997E+00  0.198307E-02  0.210899E+00  0.326124E+01  0.208384E+00  0.120776E+00  0.567306E-01  0.127512E-01  0.476002E-03  0.152867E-01  0.236344E-02
  42     5  0.901768E+01  0.610967E+00  0.351550E+00  0.186996E-02  0.257547E+00  0.387653E+01  0.266450E+00  0.154843E+00  0.730226E-01  0.172887E-01  0.293061E-03  0.190888E-01  0.191437E-02
  42     6  0.126017E+02  0.671080E+00  0.388510E+00  0.130981E-02  0.281260E+00  0.548781E+01  0.296273E+00  0.172453E+00  0.816966E-01  0.198843E-01  0.137320E-03  0.208848E-01  0.121692E-02
  42     7  0.167027E+02  0.700191E+00  0.406867E+00  0.768759E-03  0.292555E+00  0.731398E+01  0.310678E+00  0.181057E+00  0.859470E-01  0.212263E-01  0.566307E-04  0.217248E-01  0.665456E-03
  42     8  0.209476E+02  0.714340E+00  0.416088E+00  0.402755E-03  0.297849E+00  0.920490E+01  0.317285E+00  0.185108E+00  0.878834E-01  0.218506E-01  0.219711E-04  0.220893E-01  0.330978E-03
  42     9  0.252581E+02  0.721068E+00  0.420608E+00  0.195399E-03  0.300265E+00  0.111235E+02  0.320562E+00  0.187165E+00  0.888079E-01  0.221610E-01  0.828325E-05  0.222657E-01  0.154577E-03
  43     1  0.112584E-01  0.602072E-03  0.316443E-03  0.295438E-05  0.282675E-03  0.435491E-02  0.231767E-03  0.125443E-03  0.681773E-04  0.127241E-04  0.162219E-05  0.197542E-04  0.404646E-05
  43     2  0.895230E+00  0.609598E-01  0.334319E-01  0.248238E-03  0.272797E-01  0.311472E+00  0.210986E-01  0.118476E-01  0.588023E-02  0.114093E-02  0.122243E-03  0.168727E-02  0.420298E-03
  43     3  0.476673E+01  0.308922E+00  0.175900E+00  0.118515E-02  0.131837E+00  0.166712E+01  0.109186E+00  0.632314E-01  0.292855E-01  0.612466E-02  0.434125E-03  0.817929E-02  0.193065E-02
  43     4  0.780207E+01  0.504319E+00  0.288257E+00  0.201633E-02  0.214046E+00  0.325275E+01  0.211141E+00  0.122368E+00  0.574716E-01  0.129099E-01  0.488473E-03  0.154860E-01  0.241679E-02
  43     5  0.895505E+01  0.622309E+00  0.357987E+00  0.191909E-02  0.262403E+00  0.384809E+01  0.271368E+00  0.157675E+00  0.743937E-01  0.175802E-01  0.303448E-03  0.194459E-01  0.196956E-02
  43     6  0.125220E+02  0.683788E+00  0.395898E+00  0.135037E-02  0.286540E+00  0.544997E+01  0.302216E+00  0.175971E+00  0.832755E-01  0.202585E-01  0.142695E-03  0.213110E-01  0.125640E-02
  43     7  0.166074E+02  0.714630E+00  0.415214E+00  0.795107E-03  0.298621E+00  0.727532E+01  0.316743E+00  0.184502E+00  0.876753E-01  0.216473E-01  0.589822E-04  0.221710E-01  0.688801E-03
  43     8  0.208576E+02  0.729348E+00  0.424493E+00  0.417170E-03  0.304437E+00  0.916684E+01  0.324014E+00  0.189048E+00  0.897106E-01  0.223276E-01  0.229040E-04  0.225619E-01  0.343300E-03
  43     9  0.251676E+02  0.736150E+00  0.429294E+00  0.202600E-03  0.306653E+00  0.110786E+02  0.327366E+00  0.191092E+00  0.907797E-01  0.226080E-01  0.863458E-05  0.227171E-01  0.160510E-03
  44     1  0.974817E-02  0.526629E-03  0.275937E-03  0.258439E-05  0.248108E-03  0.378792E-02  0.203720E-03  0.110224E-03  0.599869E-04  0.111632E-04  0.141838E-05  0.173791E-04  0.354837E-05
  44     2  0.847029E+00  0.588183E-01  0.322137E-01  0.240840E-03  0.263638E-01  0.295771E+00  0.204299E-01  0.114660E-01  0.570019E-02  0.110300E-02  0.118941E-03  0.163647E-02  0.405332E-03
  44     3  0.467059E+01  0.310049E+00  0.176331E+00  0.118694E-02  0.132531E+00  0.162950E+01  0.109112E+00  0.631752E-01  0.292668E-01  0.610769E-02  0.438222E-03  0.818042E-02  0.194403E-02
  44     4  0.778896E+01  0.511543E+00  0.292345E+00  0.205078E-02  0.217148E+00  0.324363E+01  0.213807E+00  0.123920E+00  0.581718E-01  0.130488E-01  0.501161E-03  0.156955E-01  0.246979E-02
  44     5  0.889756E+01  0.633267E+00  0.364335E+00  0.196879E-02  0.266963E+00  0.382141E+01  0.276074E+00  0.160404E+00  0.756923E-01  0.178744E-01  0.314010E-03  0.197641E-01  0.202544E-02
  44     6  0.124416E+02  0.697538E+00  0.403703E+00  0.139083E-02  0.292444E+00  0.541281E+01  0.307969E+00  0.179340E+00  0.848250E-01  0.206515E-01  0.148227E-03  0.217061E-01  0.129767E-02
  44     7  0.165247E+02  0.729281E+00  0.423442E+00  0.821649E-03  0.305017E+00  0.723544E+01  0.323402E+00  0.188518E+00  0.894405E-01  0.220724E-01  0.613646E-04  0.225963E-01  0.713053E-03
  44     8  0.207883E+02  0.744324E+00  0.433454E+00  0.432110E-03  0.310438E+00  0.912528E+01  0.330541E+00  0.192753E+00  0.915899E-01  0.227923E-01  0.238519E-04  0.230257E-01  0.355763E-03
  44     9  0.250743E+02  0.751021E+00  0.437789E+00  0.210061E-03  0.313022E+00  0.110441E+02  0.334054E+00  0.194987E+00  0.926282E-01  0.230590E-01  0.899459E-05  0.232048E-01  0.166557E-03
  45     1  0.844651E-02  0.462116E-03  0.242011E-03  0.227224E-05  0.217833E-03  0.328533E-02  0.178098E-03  0.963450E-04  0.524198E-04  0.976790E-05  0.125029E-05  0.152081E-04  0.310692E-05
  45     2  0.802800E+00  0.567692E-01  0.310613E-01  0.233222E-03  0.254746E-01  0.280875E+00  0.197357E-01  0.110650E-01  0.551379E-02  0.106800E-02  0.115699E-03  0.158200E-02  0.391171E-03
  45     3  0.458416E+01  0.310891E+00  0.176901E+00  0.118748E-02  0.132803E+00  0.159147E+01  0.109021E+00  0.630760E-01  0.292748E-01  0.609104E-02  0.441750E-03  0.818022E-02  0.195725E-02
  45     4  0.776195E+01  0.518719E+00  0.296515E+00  0.208500E-02  0.220120E+00  0.322789E+01  0.216169E+00  0.125167E+00  0.589087E-01  0.131831E-01  0.513788E-03  0.158766E-01  0.251990E-02
  45     5  0.884329E+01  0.644418E+00  0.370671E+00  0.201774E-02  0.271729E+00  0.379624E+01  0.280839E+00  0.163147E+00  0.769969E-01  0.181656E-01  0.324623E-03  0.201251E-01  0.208003E-02
  45     6  0.123665E+02  0.711015E+00  0.411608E+00  0.143183E-02  0.297975E+00  0.537583E+01  0.313493E+00  0.182384E+00  0.864693E-01  0.210150E-01  0.153816E-03  0.221332E-01  0.133754E-02
  45     7  0.164453E+02  0.743568E+00  0.431955E+00  0.848675E-03  0.310764E+00  0.719747E+01  0.329932E+00  0.192282E+00  0.912712E-01  0.224931E-01  0.637971E-04  0.230839E-01  0.737418E-03
  45     8  0.206850E+02  0.759393E+00  0.442120E+00  0.447282E-03  0.316826E+00  0.908665E+01  0.337247E+00  0.196730E+00  0.933903E-01  0.232388E-01  0.248157E-04  0.234946E-01  0.368495E-03
  45     9  0.249923E+02  0.766652E+00  0.447230E+00  0.217672E-03  0.319205E+00  0.109995E+02  0.340934E+00  0.198987E+00  0.945478E-01  0.235491E-01  0.936310E-05  0.236678E-01  0.172596E-03
  46     1  0.731548E-02  0.404566E-03  0.211856E-03  0.198733E-05  0.190723E-03  0.284186E-02  0.156593E-03  0.845651E-04  0.462556E-04  0.860178E-05  0.110664E-05  0.133421E-04  0.272184E-05
  46     2  0.760064E+00  0.547496E-01  0.299021E-01  0.225905E-03  0.246216E-01  0.266488E+00  0.190935E-01  0.106978E-01  0.534009E-02  0.103240E-02  0.112476E-03  0.153376E-02  0.377050E-03
  46     3  0.449272E+01  0.311563E+00  0.177176E+00  0.118853E-02  0.133198E+00  0.155613E+01  0.108892E+00  0.629750E-01  0.292454E-01  0.607726E-02  0.445338E-03  0.818023E-02  0.196882E-02
  46     4  0.775119E+01  0.525581E+00  0.300482E+00  0.211721E-02  0.222982E+00  0.321720E+01  0.218773E+00  0.126761E+00  0.595221E-01  0.133135E-01  0.526304E-03  0.160779E-01  0.257215E-02
  46     5  0.878642E+01  0.655534E+00  0.377089E+00  0.206615E-02  0.276379E+00  0.377001E+01  0.285162E+00  0.165628E+00  0.781517E-01  0.184323E-01  0.335283E-03  0.204774E-01  0.213717E-02
  46     6  0.122829E+02  0.724526E+00  0.419164E+00  0.147397E-02  0.303888E+00  0.534349E+01  0.319628E+00  0.186040E+00  0.881115E-01  0.213939E-01  0.159491E-03  0.225442E-01  0.137883E-02
  46     7  0.163569E+02  0.757946E+00  0.440274E+00  0.875528E-03  0.316797E+00  0.716144E+01  0.336297E+00  0.195965E+00  0.930396E-01  0.229473E-01  0.662639E-04  0.235171E-01  0.761801E-03
  46     8  0.206074E+02  0.775263E+00  0.451561E+00  0.462050E-03  0.323240E+00  0.905060E+01  0.343986E+00  0.200630E+00  0.953198E-01  0.236866E-01  0.257975E-04  0.239427E-01  0.381190E-03
  46     9  0.249154E+02  0.781873E+00  0.456046E+00  0.225372E-03  0.325602E+00  0.109687E+02  0.347603E+00  0.202893E+00  0.963658E-01  0.240232E-01  0.974008E-05  0.241326E-01  0.178812E-03
  47     1  0.636908E-02  0.354568E-03  0.185796E-03  0.175536E-05  0.167016E-03  0.245446E-02  0.136983E-03  0.740839E-04  0.403093E-04  0.751948E-05  0.965294E-06  0.117175E-04  0.238799E-05
  47     2  0.719244E+00  0.528207E-01  0.288436E-01  0.218714E-03  0.237583E-01  0.253330E+00  0.184544E-01  0.103256E-01  0.517417E-02  0.998870E-03  0.109263E-03  0.148250E-02  0.363930E-03
  47     3  0.440058E+01  0.312007E+00  0.177388E+00  0.118924E-02  0.133429E+00  0.151988E+01  0.108793E+00  0.629523E-01  0.291853E-01  0.605801E-02  0.448699E-03  0.817004E-02  0.197861E-02
  47     4  0.773590E+01  0.532757E+00  0.304479E+00  0.214899E-02  0.226129E+00  0.320280E+01  0.221324E+00  0.128279E+00  0.601645E-01  0.134516E-01  0.538797E-03  0.162672E-01  0.262279E-02
  47     5  0.873493E+01  0.666819E+00  0.383436E+00  0.211623E-02  0.281266E+00  0.374630E+01  0.290280E+00  0.168752E+00  0.794637E-01  0.187141E-01  0.346080E-03  0.208130E-01  0.219198E-02
  47     6  0.122076E+02  0.737100E+00  0.426538E+00  0.151607E-02  0.309046E+00  0.530933E+01  0.325217E+00  0.189304E+00  0.895827E-01  0.217772E-01  0.165238E-03  0.229678E-01  0.142044E-02
  47     7  0.162782E+02  0.772826E+00  0.448844E+00  0.903243E-03  0.323078E+00  0.712456E+01  0.342469E+00  0.199607E+00  0.946741E-01  0.233722E-01  0.687752E-04  0.239607E-01  0.786478E-03
  47     8  0.205225E+02  0.789366E+00  0.459748E+00  0.477626E-03  0.329140E+00  0.901200E+01  0.350683E+00  0.204601E+00  0.971218E-01  0.241411E-01  0.268017E-04  0.243975E-01  0.394366E-03
  47     9  0.248246E+02  0.797133E+00  0.464730E+00  0.233158E-03  0.332170E+00  0.109270E+02  0.354438E+00  0.206926E+00  0.982487E-01  0.244769E-01  0.101203E-04  0.245907E-01  0.185164E-03
  48     1  0.548729E-02  0.310337E-03  0.162496E-03  0.152997E-05  0.146311E-03  0.213358E-02  0.120026E-03  0.648888E-04  0.353208E-04  0.660169E-05  0.848180E-06  0.102769E-04  0.208971E-05
  48     2  0.681705E+00  0.508146E-01  0.277400E-01  0.211673E-03  0.228629E-01  0.240379E+00  0.178473E-01  0.998110E-02  0.500659E-02  0.964094E-03  0.106213E-03  0.143786E-02  0.351430E-03
  48     3  0.431887E+01  0.312575E+00  0.177737E+00  0.118845E-02  0.133650E+00  0.148534E+01  0.108649E+00  0.628595E-01  0.291399E-01  0.604418E-02  0.451465E-03  0.816496E-02  0.198866E-02
  48     4  0.771000E+01  0.539777E+00  0.308506E+00  0.218223E-02  0.229089E+00  0.318896E+01  0.223764E+00  0.129628E+00  0.608785E-01  0.135743E-01  0.551204E-03  0.164578E-01  0.267434E-02
  48     5  0.868140E+01  0.677724E+00  0.389605E+00  0.216486E-02  0.285954E+00  0.372433E+01  0.294478E+00  0.170886E+00  0.808104E-01  0.190168E-01  0.356927E-03  0.211602E-01  0.224804E-02
  48     6  0.121302E+02  0.750593E+00  0.433957E+00  0.155790E-02  0.315079E+00  0.527618E+01  0.331149E+00  0.192732E+00  0.912565E-01  0.221576E-01  0.171125E-03  0.233704E-01  0.146198E-02
  48     7  0.161970E+02  0.786922E+00  0.457171E+00  0.930571E-03  0.328821E+00  0.708798E+01  0.348918E+00  0.203439E+00  0.964003E-01  0.238059E-01  0.713125E-04  0.243905E-01  0.811396E-03
  48     8  0.204352E+02  0.804726E+00  0.468647E+00  0.493038E-03  0.335586E+00  0.897582E+01  0.357442E+00  0.208635E+00  0.989127E-01  0.245883E-01  0.278230E-04  0.248706E-01  0.407382E-03
  48     9  0.247397E+02  0.812648E+00  0.474416E+00  0.241043E-03  0.337991E+00  0.108908E+02  0.360739E+00  0.210526E+00  0.100018E+00  0.249158E-01  0.105109E-04  0.250761E-01  0.191497E-03
  49     1  0.476420E-02  0.271631E-03  0.142091E-03  0.134557E-05  0.128195E-03  0.185277E-02  0.105215E-03  0.567671E-04  0.310939E-04  0.577202E-05  0.743546E-06  0.901960E-05  0.181925E-05
  49     2  0.647017E+00  0.489708E-01  0.266727E-01  0.204614E-03  0.220935E-01  0.228402E+00  0.172212E-01  0.961678E-02  0.484363E-02  0.931559E-03  0.103088E-03  0.138807E-02  0.338067E-03
  49     3  0.423778E+01  0.312976E+00  0.177809E+00  0.118706E-02  0.133980E+00  0.145156E+01  0.108430E+00  0.627094E-01  0.290961E-01  0.602405E-02  0.454603E-03  0.815024E-02  0.199578E-02
  49     4  0.768639E+01  0.546780E+00  0.312523E+00  0.221192E-02  0.232046E+00  0.317271E+01  0.226039E+00  0.130946E+00  0.614698E-01  0.137041E-01  0.563341E-03  0.166302E-01  0.272559E-02
  49     5  0.863742E+01  0.688355E+00  0.395488E+00  0.221403E-02  0.290653E+00  0.370466E+01  0.299428E+00  0.173871E+00  0.820948E-01  0.192970E-01  0.368004E-03  0.214927E-01  0.230467E-02
  49     6  0.120617E+02  0.763405E+00  0.441502E+00  0.159994E-02  0.320302E+00  0.524540E+01  0.336839E+00  0.196036E+00  0.928413E-01  0.225230E-01  0.177004E-03  0.237569E-01  0.150521E-02
  49     7  0.161169E+02  0.801344E+00  0.465325E+00  0.958268E-03  0.335061E+00  0.705416E+01  0.355114E+00  0.206927E+00  0.982193E-01  0.242183E-01  0.739360E-04  0.248388E-01  0.837258E-03
  49     8  0.203546E+02  0.819116E+00  0.476968E+00  0.508820E-03  0.341639E+00  0.894165E+01  0.364003E+00  0.212254E+00  0.100894E+00  0.250553E-01  0.288609E-04  0.253502E-01  0.420851E-03
  49     9  0.246638E+02  0.827618E+00  0.482689E+00  0.248985E-03  0.344679E+00  0.108543E+02  0.367934E+00  0.214723E+00  0.101980E+00  0.254511E-01  0.109072E-04  0.255714E-01  0.198011E-03
  50     1  0.412297E-02  0.237621E-03  0.124080E-03  0.117321E-05  0.112368E-03  0.159818E-02  0.920150E-04  0.497843E-04  0.270780E-04  0.503941E-05  0.651163E-06  0.786757E-05  0.159456E-05
  50     2  0.612749E+00  0.471794E-01  0.256743E-01  0.198078E-03  0.213070E-01  0.217460E+00  0.166285E-01  0.927699E-02  0.467952E-02  0.900088E-03  0.998919E-04  0.134679E-02  0.325240E-03
  50     3  0.414315E+01  0.313214E+00  0.177883E+00  0.118695E-02  0.134145E+00  0.141886E+01  0.108191E+00  0.625698E-01  0.290074E-01  0.600252E-02  0.457014E-03  0.815098E-02  0.200356E-02
  50     4  0.765709E+01  0.553622E+00  0.316292E+00  0.224149E-02  0.235088E+00  0.315750E+01  0.228438E+00  0.132370E+00  0.620876E-01  0.138219E-01  0.575697E-03  0.168082E-01  0.277430E-02
  50     5  0.859048E+01  0.699121E+00  0.401954E+00  0.226197E-02  0.294904E+00  0.367955E+01  0.303980E+00  0.176532E+00  0.832895E-01  0.195729E-01  0.379031E-03  0.218454E-01  0.236142E-02
  50     6  0.119907E+02  0.776693E+00  0.449125E+00  0.164292E-02  0.325925E+00  0.521214E+01  0.342747E+00  0.199514E+00  0.943748E-01  0.229223E-01  0.182992E-03  0.242061E-01  0.154717E-02
  50     7  0.160419E+02  0.815917E+00  0.473918E+00  0.986171E-03  0.341013E+00  0.701973E+01  0.361630E+00  0.210893E+00  0.998575E-01  0.246419E-01  0.765822E-04  0.252988E-01  0.862486E-03
  50     8  0.202793E+02  0.834224E+00  0.485896E+00  0.524860E-03  0.347803E+00  0.890591E+01  0.370577E+00  0.216195E+00  0.102649E+00  0.254768E-01  0.299159E-04  0.257931E-01  0.434243E-03
  50     9  0.245749E+02  0.842564E+00  0.491423E+00  0.257206E-03  0.350884E+00  0.108177E+02  0.374481E+00  0.218463E+00  0.103862E+00  0.259037E-01  0.113150E-04  0.260363E-01  0.204520E-03
