   1     1  0.169246E+01  0.798150E+00  0.894310E+00  0.154045E+02
   1     2  0.187324E+01  0.822489E+00  0.105075E+01  0.186520E+02
   1     3  0.162155E+01  0.570740E+00  0.105081E+01  0.177956E+02
   1     4  0.785715E+00  0.200476E+00  0.585238E+00  0.867521E+01
   1     5  0.245488E+00  0.486014E-01  0.196886E+00  0.262025E+01
   1     6  0.571120E-01  0.989965E-02  0.472123E-01  0.614126E+00
   1     7  0.113547E-01  0.182702E-02  0.952769E-02  0.127232E+00
   1     8  0.209767E-02  0.315417E-03  0.178226E-02  0.245054E-01
   1     9  0.371124E-03  0.520478E-04  0.319076E-03  0.449738E-02
   2     1  0.158431E+01  0.744226E+00  0.840079E+00  0.106722E+02
   2     2  0.172227E+01  0.750088E+00  0.972182E+00  0.126465E+02
   2     3  0.145530E+01  0.505910E+00  0.949387E+00  0.118169E+02
   2     4  0.701252E+00  0.174622E+00  0.526630E+00  0.571348E+01
   2     5  0.219752E+00  0.419393E-01  0.177813E+00  0.171743E+01
   2     6  0.510720E-01  0.850200E-02  0.425700E-01  0.400189E+00
   2     7  0.100901E-01  0.156589E-02  0.852418E-02  0.822703E-01
   2     8  0.184977E-02  0.270538E-03  0.157923E-02  0.157755E-01
   2     9  0.326461E-03  0.445856E-04  0.281876E-03  0.288472E-02
   3     1  0.146801E+01  0.686736E+00  0.781276E+00  0.762437E+01
   3     2  0.157738E+01  0.683186E+00  0.894194E+00  0.892984E+01
   3     3  0.131616E+01  0.452056E+00  0.864105E+00  0.823380E+01
   3     4  0.632062E+00  0.154555E+00  0.477507E+00  0.396017E+01
   3     5  0.198830E+00  0.368280E-01  0.162002E+00  0.118861E+01
   3     6  0.462950E-01  0.744303E-02  0.388520E-01  0.275703E+00
   3     7  0.910597E-02  0.136993E-02  0.773604E-02  0.563954E-01
   3     8  0.165981E-02  0.236424E-03  0.142338E-02  0.107715E-01
   3     9  0.291231E-03  0.389579E-04  0.252273E-03  0.196318E-02
   4     1  0.135750E+01  0.632960E+00  0.724543E+00  0.560307E+01
   4     2  0.144546E+01  0.624418E+00  0.821046E+00  0.650558E+01
   4     3  0.119570E+01  0.408357E+00  0.787345E+00  0.594730E+01
   4     4  0.574229E+00  0.138107E+00  0.436122E+00  0.285859E+01
   4     5  0.181744E+00  0.327899E-01  0.148954E+00  0.858081E+00
   4     6  0.424043E-01  0.660787E-02  0.357965E-01  0.198233E+00
   4     7  0.831879E-02  0.121512E-02  0.710366E-02  0.403928E-01
   4     8  0.151091E-02  0.209940E-03  0.130097E-02  0.770145E-02
   4     9  0.263867E-03  0.346378E-04  0.229229E-03  0.139768E-02
   5     1  0.125362E+01  0.584077E+00  0.669541E+00  0.421904E+01
   5     2  0.132917E+01  0.572299E+00  0.756867E+00  0.487363E+01
   5     3  0.109384E+01  0.370428E+00  0.723411E+00  0.442678E+01
   5     4  0.525350E+00  0.124679E+00  0.400672E+00  0.212780E+01
   5     5  0.167260E+00  0.295243E-01  0.137735E+00  0.639616E+00
   5     6  0.391742E-01  0.593453E-02  0.332397E-01  0.147577E+00
   5     7  0.768030E-02  0.109025E-02  0.659004E-02  0.299631E-01
   5     8  0.139008E-02  0.188457E-03  0.120162E-02  0.568968E-02
   5     9  0.241733E-03  0.311296E-04  0.210603E-03  0.103297E-02
   6     1  0.115655E+01  0.538727E+00  0.617826E+00  0.323998E+01
   6     2  0.122325E+01  0.525556E+00  0.697695E+00  0.372930E+01
   6     3  0.100287E+01  0.339043E+00  0.663831E+00  0.337931E+01
   6     4  0.483325E+00  0.113544E+00  0.369782E+00  0.162691E+01
   6     5  0.154945E+00  0.268244E-01  0.128121E+00  0.490379E+00
   6     6  0.364988E-01  0.538501E-02  0.311138E-01  0.112982E+00
   6     7  0.714070E-02  0.988420E-03  0.615228E-02  0.228764E-01
   6     8  0.128723E-02  0.171019E-03  0.111621E-02  0.433096E-02
   6     9  0.222900E-03  0.282264E-04  0.194673E-03  0.784533E-03
   7     1  0.107066E+01  0.497462E+00  0.573194E+00  0.253154E+01
   7     2  0.112885E+01  0.485202E+00  0.643648E+00  0.290995E+01
   7     3  0.924472E+00  0.311483E+00  0.612989E+00  0.263327E+01
   7     4  0.447006E+00  0.104294E+00  0.342712E+00  0.127149E+01
   7     5  0.144179E+00  0.245275E-01  0.119651E+00  0.384423E+00
   7     6  0.341451E-01  0.491697E-02  0.292281E-01  0.884901E-01
   7     7  0.667753E-02  0.903321E-03  0.577421E-02  0.178789E-01
   7     8  0.119936E-02  0.156168E-03  0.104320E-02  0.338033E-02
   7     9  0.207356E-03  0.258400E-04  0.181516E-03  0.610495E-03
   8     1  0.990260E+00  0.460523E+00  0.529737E+00  0.200942E+01
   8     2  0.104408E+01  0.448416E+00  0.595660E+00  0.230619E+01
   8     3  0.855149E+00  0.287535E+00  0.567614E+00  0.208705E+01
   8     4  0.415325E+00  0.962008E-01  0.319125E+00  0.101126E+01
   8     5  0.134949E+00  0.225904E-01  0.112359E+00  0.306834E+00
   8     6  0.321049E-01  0.453145E-02  0.275734E-01  0.707284E-01
   8     7  0.628303E-02  0.831227E-03  0.545180E-02  0.142550E-01
   8     8  0.112488E-02  0.143757E-03  0.981120E-03  0.268627E-02
   8     9  0.194021E-03  0.237497E-04  0.170271E-03  0.484083E-03
   9     1  0.916860E+00  0.426362E+00  0.490498E+00  0.161631E+01
   9     2  0.968992E+00  0.416044E+00  0.552947E+00  0.185589E+01
   9     3  0.794497E+00  0.266658E+00  0.527839E+00  0.168080E+01
   9     4  0.386520E+00  0.890349E-01  0.297485E+00  0.816902E+00
   9     5  0.126708E+00  0.209267E-01  0.105781E+00  0.249141E+00
   9     6  0.303349E-01  0.418995E-02  0.261449E-01  0.574611E-01
   9     7  0.593570E-02  0.769324E-03  0.516638E-02  0.115541E-01
   9     8  0.106103E-02  0.132876E-03  0.928149E-03  0.217214E-02
   9     9  0.182362E-03  0.219809E-04  0.160381E-03  0.391546E-03
  10     1  0.850605E+00  0.395878E+00  0.454728E+00  0.131357E+01
  10     2  0.898376E+00  0.385605E+00  0.512771E+00  0.151086E+01
  10     3  0.739786E+00  0.248366E+00  0.491420E+00  0.137137E+01
  10     4  0.361417E+00  0.829936E-01  0.278423E+00  0.668896E+00
  10     5  0.119325E+00  0.194701E-01  0.998550E-01  0.204872E+00
  10     6  0.287372E-01  0.389684E-02  0.248403E-01  0.473152E-01
  10     7  0.563230E-02  0.714822E-03  0.491748E-02  0.949922E-02
  10     8  0.100395E-02  0.123712E-03  0.880239E-03  0.178335E-02
  10     9  0.172276E-03  0.204787E-04  0.151797E-03  0.320613E-03
  11     1  0.792839E+00  0.369387E+00  0.423452E+00  0.108015E+01
  11     2  0.838079E+00  0.359989E+00  0.478089E+00  0.124388E+01
  11     3  0.691795E+00  0.232595E+00  0.459200E+00  0.113215E+01
  11     4  0.338945E+00  0.775965E-01  0.261349E+00  0.554899E+00
  11     5  0.112723E+00  0.182200E-01  0.945028E-01  0.170647E+00
  11     6  0.272939E-01  0.363904E-02  0.236549E-01  0.394707E-01
  11     7  0.536325E-02  0.668183E-03  0.469506E-02  0.791876E-02
  11     8  0.954820E-03  0.115636E-03  0.839184E-03  0.148475E-02
  11     9  0.163455E-03  0.191488E-04  0.144306E-03  0.266619E-03
  12     1  0.736592E+00  0.342721E+00  0.393872E+00  0.895770E+00
  12     2  0.781812E+00  0.336096E+00  0.445715E+00  0.103331E+01
  12     3  0.646644E+00  0.217384E+00  0.429260E+00  0.943514E+00
  12     4  0.318873E+00  0.727941E-01  0.246079E+00  0.464563E+00
  12     5  0.106828E+00  0.170783E-01  0.897494E-01  0.143649E+00
  12     6  0.260148E-01  0.341321E-02  0.226016E-01  0.332811E-01
  12     7  0.512240E-02  0.626241E-03  0.449616E-02  0.667176E-02
  12     8  0.910064E-03  0.108464E-03  0.801600E-03  0.124861E-02
  12     9  0.155438E-03  0.179779E-04  0.137460E-03  0.223793E-03
  13     1  0.685834E+00  0.319687E+00  0.366147E+00  0.749828E+00
  13     2  0.730374E+00  0.314937E+00  0.415438E+00  0.866817E+00
  13     3  0.607374E+00  0.204372E+00  0.403002E+00  0.793984E+00
  13     4  0.300619E+00  0.685131E-01  0.232106E+00  0.392661E+00
  13     5  0.101287E+00  0.160757E-01  0.852115E-01  0.122109E+00
  13     6  0.248489E-01  0.321043E-02  0.216385E-01  0.283420E-01
  13     7  0.490226E-02  0.590079E-03  0.431218E-02  0.567083E-02
  13     8  0.870574E-03  0.102230E-03  0.768344E-03  0.106007E-02
  13     9  0.148263E-03  0.169400E-04  0.131323E-03  0.190188E-03
  14     1  0.641482E+00  0.299434E+00  0.342048E+00  0.631961E+00
  14     2  0.684658E+00  0.294990E+00  0.389668E+00  0.732885E+00
  14     3  0.571319E+00  0.192514E+00  0.378804E+00  0.673587E+00
  14     4  0.284020E+00  0.646916E-01  0.219329E+00  0.334680E+00
  14     5  0.962809E-01  0.151683E-01  0.811125E-01  0.104639E+00
  14     6  0.238270E-01  0.303251E-02  0.207944E-01  0.243478E-01
  14     7  0.470118E-02  0.556778E-03  0.414440E-02  0.486844E-02
  14     8  0.834345E-03  0.964779E-04  0.737867E-03  0.908382E-03
  14     9  0.141760E-03  0.159985E-04  0.125762E-03  0.162756E-03
  15     1  0.599525E+00  0.280629E+00  0.318896E+00  0.536710E+00
  15     2  0.641797E+00  0.277008E+00  0.364789E+00  0.623829E+00
  15     3  0.538032E+00  0.181778E+00  0.356254E+00  0.575790E+00
  15     4  0.268702E+00  0.611334E-01  0.207569E+00  0.287382E+00
  15     5  0.918144E-01  0.143633E-01  0.774511E-01  0.903776E-01
  15     6  0.228326E-01  0.286883E-02  0.199637E-01  0.210714E-01
  15     7  0.452390E-02  0.526320E-03  0.399758E-02  0.421177E-02
  15     8  0.802188E-03  0.914487E-04  0.710739E-03  0.785305E-03
  15     9  0.136209E-03  0.151521E-04  0.121057E-03  0.140392E-03
  16     1  0.559859E+00  0.261496E+00  0.298363E+00  0.458245E+00
  16     2  0.602663E+00  0.260786E+00  0.341877E+00  0.534537E+00
  16     3  0.508309E+00  0.171914E+00  0.336396E+00  0.495645E+00
  16     4  0.255174E+00  0.580475E-01  0.197127E+00  0.248503E+00
  16     5  0.875658E-01  0.136231E-01  0.739427E-01  0.784869E-01
  16     6  0.219361E-01  0.272310E-02  0.192130E-01  0.183712E-01
  16     7  0.435756E-02  0.499503E-03  0.385806E-02  0.367079E-02
  16     8  0.771578E-03  0.867970E-04  0.684781E-03  0.683880E-03
  16     9  0.130750E-03  0.144096E-04  0.116340E-03  0.122179E-03
  17     1  0.525359E+00  0.245768E+00  0.279592E+00  0.393552E+00
  17     2  0.568070E+00  0.245902E+00  0.322168E+00  0.461087E+00
  17     3  0.480658E+00  0.162925E+00  0.317733E+00  0.429387E+00
  17     4  0.242276E+00  0.551066E-01  0.187169E+00  0.216120E+00
  17     5  0.837242E-01  0.129623E-01  0.707618E-01  0.686685E-01
  17     6  0.211120E-01  0.258879E-02  0.185232E-01  0.161179E-01
  17     7  0.420355E-02  0.475398E-03  0.372815E-02  0.322138E-02
  17     8  0.744983E-03  0.824891E-04  0.662494E-03  0.599297E-03
  17     9  0.126063E-03  0.137265E-04  0.112336E-03  0.107044E-03
  18     1  0.493285E+00  0.231288E+00  0.261998E+00  0.340063E+00
  18     2  0.535136E+00  0.232023E+00  0.303113E+00  0.399534E+00
  18     3  0.455712E+00  0.154516E+00  0.301196E+00  0.374046E+00
  18     4  0.230606E+00  0.525202E-01  0.178086E+00  0.189106E+00
  18     5  0.802007E-01  0.123399E-01  0.678608E-01  0.604060E-01
  18     6  0.203430E-01  0.246952E-02  0.178735E-01  0.142198E-01
  18     7  0.406529E-02  0.453298E-03  0.361199E-02  0.284322E-02
  18     8  0.718618E-03  0.786732E-04  0.639945E-03  0.528185E-03
  18     9  0.121571E-03  0.130949E-04  0.108476E-03  0.942794E-04
  19     1  0.463409E+00  0.217770E+00  0.245639E+00  0.295112E+00
  19     2  0.504722E+00  0.219394E+00  0.285328E+00  0.348246E+00
  19     3  0.432313E+00  0.146881E+00  0.285432E+00  0.327336E+00
  19     4  0.219860E+00  0.500589E-01  0.169801E+00  0.166516E+00
  19     5  0.769430E-01  0.117923E-01  0.651507E-01  0.534238E-01
  19     6  0.196138E-01  0.235826E-02  0.172555E-01  0.126155E-01
  19     7  0.393474E-02  0.432909E-03  0.350183E-02  0.252209E-02
  19     8  0.696129E-03  0.751389E-04  0.620990E-03  0.468241E-03
  19     9  0.117429E-03  0.125029E-04  0.104926E-03  0.834243E-04
  20     1  0.435054E+00  0.204227E+00  0.230827E+00  0.257262E+00
  20     2  0.476215E+00  0.207297E+00  0.268918E+00  0.304676E+00
  20     3  0.411049E+00  0.140048E+00  0.271000E+00  0.287926E+00
  20     4  0.209660E+00  0.478493E-01  0.161811E+00  0.147057E+00
  20     5  0.737869E-01  0.112694E-01  0.625175E-01  0.474585E-01
  20     6  0.189602E-01  0.225306E-02  0.167071E-01  0.112434E-01
  20     7  0.381151E-02  0.413930E-03  0.339758E-02  0.225018E-02
  20     8  0.675336E-03  0.720351E-04  0.603301E-03  0.416952E-03
  20     9  0.113741E-03  0.119851E-04  0.101756E-03  0.743200E-04
  21     1  0.409082E+00  0.192352E+00  0.216730E+00  0.225298E+00
  21     2  0.450774E+00  0.196556E+00  0.254218E+00  0.267843E+00
  21     3  0.390924E+00  0.133608E+00  0.257316E+00  0.254367E+00
  21     4  0.200375E+00  0.457708E-01  0.154605E+00  0.130470E+00
  21     5  0.709714E-01  0.107946E-01  0.601768E-01  0.423317E-01
  21     6  0.183374E-01  0.216147E-02  0.161759E-01  0.100705E-01
  21     7  0.369807E-02  0.396931E-03  0.330113E-02  0.201285E-02
  21     8  0.654750E-03  0.689353E-04  0.585815E-03  0.372766E-03
  21     9  0.110204E-03  0.114826E-04  0.987214E-04  0.664209E-04
  22     1  0.385693E+00  0.182017E+00  0.203676E+00  0.197815E+00
  22     2  0.426958E+00  0.186605E+00  0.240354E+00  0.236450E+00
  22     3  0.372417E+00  0.127765E+00  0.244652E+00  0.225632E+00
  22     4  0.191599E+00  0.438549E-01  0.147744E+00  0.116411E+00
  22     5  0.682128E-01  0.103698E-01  0.578429E-01  0.379163E-01
  22     6  0.177386E-01  0.207748E-02  0.156611E-01  0.905350E-02
  22     7  0.359362E-02  0.381055E-03  0.321256E-02  0.181168E-02
  22     8  0.635939E-03  0.662120E-04  0.569727E-03  0.335294E-03
  22     9  0.106923E-03  0.110230E-04  0.959003E-04  0.596093E-04
  23     1  0.364263E+00  0.171826E+00  0.192437E+00  0.174612E+00
  23     2  0.404441E+00  0.177109E+00  0.227332E+00  0.209522E+00
  23     3  0.354955E+00  0.121814E+00  0.233141E+00  0.201024E+00
  23     4  0.183429E+00  0.420471E-01  0.141382E+00  0.104110E+00
  23     5  0.657449E-01  0.996415E-02  0.557807E-01  0.341205E-01
  23     6  0.171942E-01  0.199567E-02  0.151985E-01  0.816836E-02
  23     7  0.349104E-02  0.365674E-03  0.312536E-02  0.163673E-02
  23     8  0.618741E-03  0.636957E-04  0.555046E-03  0.302397E-03
  23     9  0.103789E-03  0.106097E-04  0.931791E-04  0.538363E-04
  24     1  0.343383E+00  0.162200E+00  0.181183E+00  0.154547E+00
  24     2  0.383953E+00  0.167860E+00  0.216094E+00  0.186377E+00
  24     3  0.338889E+00  0.116635E+00  0.222255E+00  0.179721E+00
  24     4  0.175941E+00  0.404209E-01  0.135520E+00  0.935018E-01
  24     5  0.632990E-01  0.958386E-02  0.537152E-01  0.307855E-01
  24     6  0.166713E-01  0.191885E-02  0.147525E-01  0.739715E-02
  24     7  0.339848E-02  0.352138E-03  0.304634E-02  0.148305E-02
  24     8  0.602088E-03  0.612317E-04  0.540856E-03  0.274240E-03
  24     9  0.100962E-03  0.102122E-04  0.907501E-04  0.486776E-04
  25     1  0.324134E+00  0.153075E+00  0.171058E+00  0.137272E+00
  25     2  0.364033E+00  0.160016E+00  0.204017E+00  0.166161E+00
  25     3  0.323769E+00  0.111931E+00  0.211838E+00  0.161080E+00
  25     4  0.168754E+00  0.388886E-01  0.129865E+00  0.841954E-01
  25     5  0.610662E-01  0.922771E-02  0.518385E-01  0.278593E-01
  25     6  0.161838E-01  0.184768E-02  0.143361E-01  0.672259E-02
  25     7  0.331248E-02  0.339139E-03  0.297334E-02  0.134793E-02
  25     8  0.587314E-03  0.590471E-04  0.528267E-03  0.249271E-03
  25     9  0.982843E-04  0.984490E-05  0.884393E-04  0.442375E-04
  26     1  0.306095E+00  0.144680E+00  0.161415E+00  0.122316E+00
  26     2  0.346038E+00  0.152118E+00  0.193920E+00  0.148655E+00
  26     3  0.309763E+00  0.107159E+00  0.202604E+00  0.144855E+00
  26     4  0.162377E+00  0.374886E-01  0.124889E+00  0.761062E-01
  26     5  0.590226E-01  0.889660E-02  0.501260E-01  0.253271E-01
  26     6  0.157036E-01  0.178388E-02  0.139198E-01  0.612781E-02
  26     7  0.322787E-02  0.327495E-03  0.290038E-02  0.122985E-02
  26     8  0.572997E-03  0.569990E-04  0.515998E-03  0.227287E-03
  26     9  0.958497E-04  0.951019E-05  0.863395E-04  0.402756E-04
  27     1  0.289444E+00  0.137371E+00  0.152073E+00  0.109236E+00
  27     2  0.328920E+00  0.144927E+00  0.183993E+00  0.133492E+00
  27     3  0.296606E+00  0.103105E+00  0.193501E+00  0.130797E+00
  27     4  0.155878E+00  0.360724E-01  0.119806E+00  0.689497E-01
  27     5  0.569769E-01  0.858356E-02  0.483933E-01  0.230557E-01
  27     6  0.152765E-01  0.172284E-02  0.135536E-01  0.560184E-02
  27     7  0.314908E-02  0.316352E-03  0.283273E-02  0.112656E-02
  27     8  0.558808E-03  0.550436E-04  0.503764E-03  0.207820E-03
  27     9  0.934843E-04  0.919310E-05  0.842912E-04  0.368312E-04
  28     1  0.274516E+00  0.130137E+00  0.144379E+00  0.978908E-01
  28     2  0.313705E+00  0.138411E+00  0.175294E+00  0.120112E+00
  28     3  0.284271E+00  0.990513E-01  0.185220E+00  0.118269E+00
  28     4  0.150190E+00  0.348031E-01  0.115387E+00  0.626886E-01
  28     5  0.551112E-01  0.830174E-02  0.468095E-01  0.210507E-01
  28     6  0.148446E-01  0.166272E-02  0.131819E-01  0.513437E-02
  28     7  0.307372E-02  0.306056E-03  0.276767E-02  0.103289E-02
  28     8  0.545714E-03  0.532209E-04  0.492493E-03  0.190414E-03
  28     9  0.912525E-04  0.889809E-05  0.823544E-04  0.337605E-04
  29     1  0.259363E+00  0.123143E+00  0.136220E+00  0.878340E-01
  29     2  0.298311E+00  0.131695E+00  0.166616E+00  0.108272E+00
  29     3  0.272305E+00  0.950797E-01  0.177225E+00  0.107284E+00
  29     4  0.144603E+00  0.336438E-01  0.110959E+00  0.571209E-01
  29     5  0.533138E-01  0.802985E-02  0.452840E-01  0.192690E-01
  29     6  0.144597E-01  0.161037E-02  0.128493E-01  0.471970E-02
  29     7  0.300075E-02  0.295675E-03  0.270508E-02  0.950470E-03
  29     8  0.533557E-03  0.515550E-04  0.482002E-03  0.175284E-03
  29     9  0.891950E-04  0.860397E-05  0.805910E-04  0.310105E-04
  30     1  0.246231E+00  0.117033E+00  0.129198E+00  0.790651E-01
  30     2  0.284336E+00  0.125842E+00  0.158494E+00  0.979755E-01
  30     3  0.261800E+00  0.916273E-01  0.170173E+00  0.976120E-01
  30     4  0.139359E+00  0.325132E-01  0.106846E+00  0.521241E-01
  30     5  0.516146E-01  0.775690E-02  0.438577E-01  0.176774E-01
  30     6  0.140730E-01  0.155948E-02  0.125135E-01  0.434485E-02
  30     7  0.293520E-02  0.286871E-03  0.264833E-02  0.876385E-03
  30     8  0.523072E-03  0.499514E-04  0.473121E-03  0.161544E-03
  30     9  0.871575E-04  0.834549E-05  0.788120E-04  0.285941E-04
  31     1  0.233411E+00  0.110999E+00  0.122412E+00  0.712845E-01
  31     2  0.270999E+00  0.120391E+00  0.150608E+00  0.888152E-01
  31     3  0.251462E+00  0.882435E-01  0.163219E+00  0.889356E-01
  31     4  0.134370E+00  0.314148E-01  0.102955E+00  0.477507E-01
  31     5  0.500285E-01  0.752071E-02  0.425078E-01  0.162600E-01
  31     6  0.137026E-01  0.151146E-02  0.121911E-01  0.401004E-02
  31     7  0.287028E-02  0.277910E-03  0.259237E-02  0.809978E-03
  31     8  0.511172E-03  0.484703E-04  0.462701E-03  0.149233E-03
  31     9  0.852590E-04  0.809112E-05  0.771679E-04  0.263999E-04
  32     1  0.221516E+00  0.105438E+00  0.116078E+00  0.643936E-01
  32     2  0.259309E+00  0.115355E+00  0.143954E+00  0.806618E-01
  32     3  0.241613E+00  0.851171E-01  0.156496E+00  0.812773E-01
  32     4  0.129797E+00  0.303907E-01  0.994067E-01  0.438167E-01
  32     5  0.484686E-01  0.728956E-02  0.411790E-01  0.149971E-01
  32     6  0.133581E-01  0.146560E-02  0.118925E-01  0.371144E-02
  32     7  0.280850E-02  0.269645E-03  0.253885E-02  0.750889E-03
  32     8  0.500849E-03  0.470235E-04  0.453826E-03  0.138269E-03
  32     9  0.835641E-04  0.784969E-05  0.757145E-04  0.244280E-04
  33     1  0.210445E+00  0.100468E+00  0.109978E+00  0.583656E-01
  33     2  0.247703E+00  0.110286E+00  0.137417E+00  0.733967E-01
  33     3  0.232311E+00  0.819868E-01  0.150324E+00  0.744549E-01
  33     4  0.125273E+00  0.294324E-01  0.958403E-01  0.402779E-01
  33     5  0.470362E-01  0.707951E-02  0.399567E-01  0.138344E-01
  33     6  0.130306E-01  0.142384E-02  0.116067E-01  0.344173E-02
  33     7  0.275047E-02  0.261755E-03  0.248872E-02  0.696590E-03
  33     8  0.491120E-03  0.456853E-04  0.445435E-03  0.128340E-03
  33     9  0.817699E-04  0.763626E-05  0.741336E-04  0.227052E-04
  34     1  0.199847E+00  0.954188E-01  0.104429E+00  0.529836E-01
  34     2  0.236634E+00  0.105412E+00  0.131222E+00  0.669393E-01
  34     3  0.223862E+00  0.792088E-01  0.144653E+00  0.682959E-01
  34     4  0.121151E+00  0.285750E-01  0.925757E-01  0.370967E-01
  34     5  0.456294E-01  0.687140E-02  0.387580E-01  0.128115E-01
  34     6  0.127155E-01  0.138397E-02  0.113315E-01  0.319833E-02
  34     7  0.269202E-02  0.254457E-03  0.243756E-02  0.648144E-03
  34     8  0.481896E-03  0.443844E-04  0.437512E-03  0.119377E-03
  34     9  0.801982E-04  0.742514E-05  0.727730E-04  0.210732E-04
  35     1  0.189933E+00  0.910447E-01  0.988880E-01  0.481744E-01
  35     2  0.226016E+00  0.101117E+00  0.124900E+00  0.612849E-01
  35     3  0.215397E+00  0.765331E-01  0.138864E+00  0.627900E-01
  35     4  0.117069E+00  0.276784E-01  0.893903E-01  0.342610E-01
  35     5  0.443155E-01  0.667377E-02  0.376418E-01  0.118785E-01
  35     6  0.124145E-01  0.134507E-02  0.110694E-01  0.297321E-02
  35     7  0.263736E-02  0.247441E-03  0.238992E-02  0.604278E-03
  35     8  0.472147E-03  0.431289E-04  0.429018E-03  0.111272E-03
  35     9  0.786525E-04  0.722114E-05  0.714314E-04  0.196344E-04
  36     1  0.180614E+00  0.865955E-01  0.940181E-01  0.438632E-01
  36     2  0.216466E+00  0.968485E-01  0.119617E+00  0.560769E-01
  36     3  0.207653E+00  0.740087E-01  0.133644E+00  0.577757E-01
  36     4  0.113341E+00  0.268738E-01  0.864674E-01  0.316514E-01
  36     5  0.430384E-01  0.649683E-02  0.365416E-01  0.110257E-01
  36     6  0.121131E-01  0.130754E-02  0.108056E-01  0.277297E-02
  36     7  0.258805E-02  0.240867E-03  0.234718E-02  0.563904E-03
  36     8  0.463846E-03  0.420106E-04  0.421836E-03  0.103910E-03
  36     9  0.771940E-04  0.702801E-05  0.701660E-04  0.183144E-04
  37     1  0.171645E+00  0.824110E-01  0.892344E-01  0.400529E-01
  37     2  0.207194E+00  0.928913E-01  0.114303E+00  0.513961E-01
  37     3  0.199869E+00  0.715112E-01  0.128358E+00  0.533012E-01
  37     4  0.109707E+00  0.261279E-01  0.835791E-01  0.293331E-01
  37     5  0.418382E-01  0.630884E-02  0.355294E-01  0.102562E-01
  37     6  0.118337E-01  0.127352E-02  0.105602E-01  0.258823E-02
  37     7  0.253751E-02  0.234509E-03  0.230300E-02  0.527512E-03
  37     8  0.455405E-03  0.408877E-04  0.414517E-03  0.971752E-04
  37     9  0.758047E-04  0.685683E-05  0.689478E-04  0.171148E-04
  38     1  0.163417E+00  0.782674E-01  0.851496E-01  0.365562E-01
  38     2  0.198752E+00  0.891838E-01  0.109569E+00  0.472018E-01
  38     3  0.193477E+00  0.693836E-01  0.124093E+00  0.492608E-01
  38     4  0.106271E+00  0.253649E-01  0.809060E-01  0.272070E-01
  38     5  0.406631E-01  0.614165E-02  0.345214E-01  0.955762E-02
  38     6  0.115539E-01  0.124057E-02  0.103133E-01  0.242175E-02
  38     7  0.248891E-02  0.228350E-03  0.226056E-02  0.493566E-03
  38     8  0.447537E-03  0.398424E-04  0.407695E-03  0.909684E-04
  38     9  0.744060E-04  0.668055E-05  0.677254E-04  0.160298E-04
  39     1  0.155218E+00  0.745527E-01  0.806655E-01  0.334624E-01
  39     2  0.190116E+00  0.856424E-01  0.104474E+00  0.434454E-01
  39     3  0.186261E+00  0.668245E-01  0.119436E+00  0.455854E-01
  39     4  0.102980E+00  0.246592E-01  0.783212E-01  0.252741E-01
  39     5  0.395838E-01  0.599089E-02  0.335930E-01  0.891134E-02
  39     6  0.113150E-01  0.120976E-02  0.101052E-01  0.226661E-02
  39     7  0.244242E-02  0.222764E-03  0.221966E-02  0.463249E-03
  39     8  0.439606E-03  0.388045E-04  0.400801E-03  0.853077E-04
  39     9  0.731405E-04  0.651944E-05  0.666211E-04  0.150490E-04
  40     1  0.148385E+00  0.712827E-01  0.771024E-01  0.307399E-01
  40     2  0.182348E+00  0.820809E-01  0.100267E+00  0.400462E-01
  40     3  0.180205E+00  0.649626E-01  0.115242E+00  0.422449E-01
  40     4  0.998814E-01  0.239899E-01  0.758916E-01  0.235467E-01
  40     5  0.385237E-01  0.583639E-02  0.326873E-01  0.833124E-02
  40     6  0.110627E-01  0.117964E-02  0.988303E-02  0.212487E-02
  40     7  0.239933E-02  0.217281E-03  0.218205E-02  0.435224E-03
  40     8  0.432708E-03  0.379364E-04  0.394771E-03  0.802340E-04
  40     9  0.718397E-04  0.635644E-05  0.654832E-04  0.141269E-04
  41     1  0.141233E+00  0.679460E-01  0.732870E-01  0.281852E-01
  41     2  0.174783E+00  0.789207E-01  0.958625E-01  0.369367E-01
  41     3  0.173810E+00  0.628051E-01  0.111005E+00  0.392516E-01
  41     4  0.970010E-01  0.233662E-01  0.736349E-01  0.219157E-01
  41     5  0.375025E-01  0.568602E-02  0.318165E-01  0.779523E-02
  41     6  0.108188E-01  0.115034E-02  0.966849E-02  0.199554E-02
  41     7  0.235674E-02  0.212085E-03  0.214466E-02  0.409263E-03
  41     8  0.425579E-03  0.369308E-04  0.388648E-03  0.754072E-04
  41     9  0.707284E-04  0.620437E-05  0.645241E-04  0.132914E-04
  42     1  0.134876E+00  0.647977E-01  0.700782E-01  0.259000E-01
  42     2  0.167673E+00  0.759254E-01  0.917480E-01  0.341584E-01
  42     3  0.168103E+00  0.609182E-01  0.107185E+00  0.364457E-01
  42     4  0.939919E-01  0.227408E-01  0.712511E-01  0.204600E-01
  42     5  0.365109E-01  0.554550E-02  0.309654E-01  0.730181E-02
  42     6  0.105833E-01  0.112438E-02  0.945891E-02  0.187734E-02
  42     7  0.231480E-02  0.206874E-03  0.210792E-02  0.385802E-03
  42     8  0.418490E-03  0.361205E-04  0.382370E-03  0.711053E-04
  42     9  0.695948E-04  0.606623E-05  0.635286E-04  0.125075E-04
  43     1  0.128440E+00  0.618980E-01  0.665417E-01  0.238439E-01
  43     2  0.161431E+00  0.730138E-01  0.884170E-01  0.315978E-01
  43     3  0.162910E+00  0.592420E-01  0.103668E+00  0.339237E-01
  43     4  0.912537E-01  0.221205E-01  0.691332E-01  0.191208E-01
  43     5  0.356165E-01  0.540916E-02  0.302073E-01  0.685481E-02
  43     6  0.103654E-01  0.109603E-02  0.926932E-02  0.176719E-02
  43     7  0.227496E-02  0.201932E-03  0.207303E-02  0.363814E-03
  43     8  0.412100E-03  0.353463E-04  0.376754E-03  0.670590E-04
  43     9  0.684866E-04  0.592840E-05  0.625582E-04  0.118010E-04
  44     1  0.122252E+00  0.589062E-01  0.633454E-01  0.219718E-01
  44     2  0.154614E+00  0.701470E-01  0.844675E-01  0.292588E-01
  44     3  0.157353E+00  0.572665E-01  0.100086E+00  0.316291E-01
  44     4  0.887313E-01  0.215749E-01  0.671564E-01  0.178968E-01
  44     5  0.346792E-01  0.528479E-02  0.293945E-01  0.643348E-02
  44     6  0.101518E-01  0.107194E-02  0.907984E-02  0.166689E-02
  44     7  0.223486E-02  0.197875E-03  0.203699E-02  0.343646E-03
  44     8  0.405690E-03  0.345003E-04  0.371190E-03  0.633312E-04
  44     9  0.674532E-04  0.579584E-05  0.616574E-04  0.111482E-04
  45     1  0.117005E+00  0.564281E-01  0.605766E-01  0.202954E-01
  45     2  0.148507E+00  0.674124E-01  0.810944E-01  0.271535E-01
  45     3  0.152430E+00  0.557084E-01  0.967216E-01  0.295116E-01
  45     4  0.862489E-01  0.210231E-01  0.652257E-01  0.167622E-01
  45     5  0.338154E-01  0.516381E-02  0.286516E-01  0.605259E-02
  45     6  0.994693E-02  0.104666E-02  0.890027E-02  0.157273E-02
  45     7  0.219825E-02  0.193176E-03  0.200507E-02  0.324945E-03
  45     8  0.399543E-03  0.337015E-04  0.365842E-03  0.598949E-04
  45     9  0.664600E-04  0.567201E-05  0.607880E-04  0.105343E-04
  46     1  0.111579E+00  0.539986E-01  0.575805E-01  0.187576E-01
  46     2  0.143285E+00  0.651154E-01  0.781695E-01  0.252216E-01
  46     3  0.147529E+00  0.540125E-01  0.935161E-01  0.275609E-01
  46     4  0.838059E-01  0.205287E-01  0.632772E-01  0.157197E-01
  46     5  0.330563E-01  0.504711E-02  0.280092E-01  0.569427E-02
  46     6  0.974399E-02  0.102444E-02  0.871956E-02  0.148513E-02
  46     7  0.216221E-02  0.189003E-03  0.197321E-02  0.307639E-03
  46     8  0.393670E-03  0.329820E-04  0.360688E-03  0.567122E-04
  46     9  0.654065E-04  0.555295E-05  0.598536E-04  0.997042E-05
  47     1  0.106405E+00  0.514812E-01  0.549237E-01  0.173398E-01
  47     2  0.137233E+00  0.625626E-01  0.746702E-01  0.234021E-01
  47     3  0.142952E+00  0.524457E-01  0.905068E-01  0.258058E-01
  47     4  0.815566E-01  0.200078E-01  0.615488E-01  0.147554E-01
  47     5  0.321985E-01  0.493142E-02  0.272671E-01  0.536763E-02
  47     6  0.955784E-02  0.100235E-02  0.855549E-02  0.140543E-02
  47     7  0.212736E-02  0.184741E-03  0.194262E-02  0.291460E-03
  47     8  0.388079E-03  0.322980E-04  0.355781E-03  0.537624E-04
  47     9  0.645312E-04  0.542764E-05  0.591035E-04  0.944603E-05
  48     1  0.101724E+00  0.493053E-01  0.524191E-01  0.160532E-01
  48     2  0.131992E+00  0.602346E-01  0.717578E-01  0.218113E-01
  48     3  0.138356E+00  0.509759E-01  0.873799E-01  0.241150E-01
  48     4  0.792773E-01  0.195667E-01  0.597106E-01  0.138654E-01
  48     5  0.314064E-01  0.482189E-02  0.265845E-01  0.506293E-02
  48     6  0.936155E-02  0.981163E-03  0.838038E-02  0.132933E-02
  48     7  0.209399E-02  0.181116E-03  0.191288E-02  0.276395E-03
  48     8  0.382732E-03  0.316620E-04  0.351070E-03  0.510388E-04
  48     9  0.635996E-04  0.531075E-05  0.582889E-04  0.896156E-05
  49     1  0.972201E-01  0.471000E-01  0.501201E-01  0.148751E-01
  49     2  0.127033E+00  0.580999E-01  0.689329E-01  0.203313E-01
  49     3  0.134393E+00  0.495817E-01  0.848109E-01  0.226151E-01
  49     4  0.772028E-01  0.190666E-01  0.581363E-01  0.130467E-01
  49     5  0.306817E-01  0.472143E-02  0.259603E-01  0.477931E-02
  49     6  0.918222E-02  0.959684E-03  0.822253E-02  0.126024E-02
  49     7  0.206022E-02  0.177431E-03  0.188279E-02  0.262499E-03
  49     8  0.377083E-03  0.309788E-04  0.346104E-03  0.484411E-04
  49     9  0.627327E-04  0.521288E-05  0.575199E-04  0.850863E-05
  50     1  0.929739E-01  0.450241E-01  0.479498E-01  0.137726E-01
  50     2  0.122488E+00  0.559612E-01  0.665263E-01  0.189413E-01
  50     3  0.130420E+00  0.481930E-01  0.822267E-01  0.212353E-01
  50     4  0.751827E-01  0.186253E-01  0.565575E-01  0.122986E-01
  50     5  0.299788E-01  0.461819E-02  0.253606E-01  0.451908E-02
  50     6  0.900030E-02  0.941716E-03  0.805858E-02  0.119582E-02
  50     7  0.202808E-02  0.173589E-03  0.185449E-02  0.249448E-03
  50     8  0.371978E-03  0.304168E-04  0.341561E-03  0.460208E-04
  50     9  0.619319E-04  0.511087E-05  0.568211E-04  0.809217E-05
