   1     1  0.809353E-02  0.368566E-02  0.440787E-02  0.394429E+00
   1     2  0.116230E-01  0.520215E-02  0.642088E-02  0.622759E+00
   1     3  0.192216E-01  0.823448E-02  0.109871E-01  0.138791E+01
   1     4  0.247384E-01  0.102004E-01  0.145380E-01  0.243561E+01
   1     5  0.267049E-01  0.108045E-01  0.159005E-01  0.299208E+01
   1     6  0.272207E-01  0.109410E-01  0.162797E-01  0.316864E+01
   1     7  0.273512E-01  0.109741E-01  0.163771E-01  0.321830E+01
   1     8  0.273855E-01  0.109827E-01  0.164028E-01  0.323385E+01
   1     9  0.273967E-01  0.109878E-01  0.164090E-01  0.323973E+01
   2     1  0.107107E-01  0.486852E-02  0.584215E-02  0.412271E+00
   2     2  0.151479E-01  0.675396E-02  0.839396E-02  0.637979E+00
   2     3  0.246410E-01  0.105089E-01  0.141321E-01  0.139928E+01
   2     4  0.316282E-01  0.129922E-01  0.186360E-01  0.248957E+01
   2     5  0.341688E-01  0.137815E-01  0.203873E-01  0.310382E+01
   2     6  0.348504E-01  0.139666E-01  0.208838E-01  0.330229E+01
   2     7  0.350187E-01  0.140139E-01  0.210049E-01  0.335727E+01
   2     8  0.350755E-01  0.140281E-01  0.210474E-01  0.337527E+01
   2     9  0.350857E-01  0.140347E-01  0.210510E-01  0.338471E+01
   3     1  0.134228E-01  0.608982E-02  0.733301E-02  0.423690E+00
   3     2  0.187795E-01  0.835048E-02  0.104290E-01  0.646075E+00
   3     3  0.302562E-01  0.128504E-01  0.174057E-01  0.139777E+01
   3     4  0.387764E-01  0.158712E-01  0.229053E-01  0.251618E+01
   3     5  0.419527E-01  0.168778E-01  0.250749E-01  0.318501E+01
   3     6  0.427991E-01  0.171190E-01  0.256801E-01  0.340623E+01
   3     7  0.430169E-01  0.171770E-01  0.258399E-01  0.346797E+01
   3     8  0.430934E-01  0.172036E-01  0.258898E-01  0.348926E+01
   3     9  0.431130E-01  0.172119E-01  0.259011E-01  0.349514E+01
   4     1  0.161695E-01  0.731961E-02  0.884993E-02  0.430754E+00
   4     2  0.224789E-01  0.996959E-02  0.125093E-01  0.648984E+00
   4     3  0.359894E-01  0.152380E-01  0.207514E-01  0.138882E+01
   4     4  0.460856E-01  0.188207E-01  0.272650E-01  0.252576E+01
   4     5  0.499668E-01  0.200611E-01  0.299057E-01  0.324575E+01
   4     6  0.510085E-01  0.203658E-01  0.306427E-01  0.348435E+01
   4     7  0.512852E-01  0.204430E-01  0.308421E-01  0.355768E+01
   4     8  0.513639E-01  0.204707E-01  0.308931E-01  0.358002E+01
   4     9  0.513774E-01  0.204730E-01  0.309043E-01  0.358622E+01
   5     1  0.189271E-01  0.855219E-02  0.103749E-01  0.435163E+00
   5     2  0.261907E-01  0.115850E-01  0.146057E-01  0.649024E+00
   5     3  0.417845E-01  0.176384E-01  0.241461E-01  0.137493E+01
   5     4  0.535492E-01  0.218118E-01  0.317374E-01  0.252163E+01
   5     5  0.581374E-01  0.232961E-01  0.348413E-01  0.329023E+01
   5     6  0.593822E-01  0.236715E-01  0.357106E-01  0.355198E+01
   5     7  0.597211E-01  0.237762E-01  0.359449E-01  0.363044E+01
   5     8  0.598258E-01  0.238069E-01  0.360189E-01  0.365452E+01
   5     9  0.598531E-01  0.238179E-01  0.360352E-01  0.366232E+01
   6     1  0.216587E-01  0.976958E-02  0.118891E-01  0.437329E+00
   6     2  0.299186E-01  0.132009E-01  0.167177E-01  0.646739E+00
   6     3  0.476096E-01  0.200442E-01  0.275654E-01  0.135783E+01
   6     4  0.610915E-01  0.248156E-01  0.362758E-01  0.250858E+01
   6     5  0.664621E-01  0.265951E-01  0.398670E-01  0.332107E+01
   6     6  0.679393E-01  0.270412E-01  0.408981E-01  0.360572E+01
   6     7  0.683475E-01  0.271731E-01  0.411744E-01  0.368938E+01
   6     8  0.684542E-01  0.272126E-01  0.412417E-01  0.371617E+01
   6     9  0.684901E-01  0.272386E-01  0.412516E-01  0.372783E+01
   7     1  0.243684E-01  0.109690E-01  0.133994E-01  0.438391E+00
   7     2  0.336228E-01  0.148108E-01  0.188120E-01  0.643234E+00
   7     3  0.534730E-01  0.224572E-01  0.310158E-01  0.133970E+01
   7     4  0.686948E-01  0.278505E-01  0.408443E-01  0.248890E+01
   7     5  0.748665E-01  0.299136E-01  0.449530E-01  0.334268E+01
   7     6  0.766305E-01  0.304637E-01  0.461668E-01  0.364987E+01
   7     7  0.770723E-01  0.306090E-01  0.464633E-01  0.374357E+01
   7     8  0.772148E-01  0.306700E-01  0.465448E-01  0.376845E+01
   7     9  0.772613E-01  0.306867E-01  0.465745E-01  0.378003E+01
   8     1  0.270275E-01  0.121456E-01  0.148818E-01  0.438324E+00
   8     2  0.372753E-01  0.163777E-01  0.208975E-01  0.638610E+00
   8     3  0.593309E-01  0.248625E-01  0.344684E-01  0.132051E+01
   8     4  0.763373E-01  0.309032E-01  0.454341E-01  0.246502E+01
   8     5  0.833823E-01  0.332675E-01  0.501148E-01  0.335631E+01
   8     6  0.853789E-01  0.339207E-01  0.514581E-01  0.368680E+01
   8     7  0.858966E-01  0.340878E-01  0.518088E-01  0.378563E+01
   8     8  0.860778E-01  0.341510E-01  0.519268E-01  0.381565E+01
   8     9  0.861260E-01  0.341730E-01  0.519530E-01  0.382512E+01
   9     1  0.296391E-01  0.132940E-01  0.163452E-01  0.437711E+00
   9     2  0.408934E-01  0.179328E-01  0.229607E-01  0.633786E+00
   9     3  0.651976E-01  0.272601E-01  0.379376E-01  0.130107E+01
   9     4  0.840065E-01  0.339425E-01  0.500640E-01  0.243765E+01
   9     5  0.919691E-01  0.366564E-01  0.553126E-01  0.336496E+01
   9     6  0.942274E-01  0.373900E-01  0.568375E-01  0.371862E+01
   9     7  0.948349E-01  0.376016E-01  0.572333E-01  0.382172E+01
   9     8  0.950068E-01  0.376637E-01  0.573431E-01  0.385397E+01
   9     9  0.950625E-01  0.376973E-01  0.573651E-01  0.386694E+01
  10     1  0.321795E-01  0.144006E-01  0.177790E-01  0.436644E+00
  10     2  0.444711E-01  0.194544E-01  0.250167E-01  0.628634E+00
  10     3  0.710333E-01  0.296286E-01  0.414047E-01  0.128199E+01
  10     4  0.916828E-01  0.369844E-01  0.546984E-01  0.240884E+01
  10     5  0.100582E+00  0.400509E-01  0.605314E-01  0.336695E+01
  10     6  0.103157E+00  0.408961E-01  0.622613E-01  0.374335E+01
  10     7  0.103836E+00  0.411350E-01  0.627010E-01  0.385459E+01
  10     8  0.104018E+00  0.412156E-01  0.628027E-01  0.389006E+01
  10     9  0.104098E+00  0.412387E-01  0.628592E-01  0.390148E+01
  11     1  0.346773E-01  0.154851E-01  0.191923E-01  0.435287E+00
  11     2  0.480198E-01  0.209634E-01  0.270564E-01  0.623308E+00
  11     3  0.768294E-01  0.319963E-01  0.448330E-01  0.126259E+01
  11     4  0.993732E-01  0.400179E-01  0.593553E-01  0.237856E+01
  11     5  0.109215E+00  0.434313E-01  0.657842E-01  0.336463E+01
  11     6  0.112108E+00  0.444184E-01  0.676901E-01  0.376463E+01
  11     7  0.112892E+00  0.447047E-01  0.681869E-01  0.388206E+01
  11     8  0.113130E+00  0.447898E-01  0.683400E-01  0.391837E+01
  11     9  0.113184E+00  0.448108E-01  0.683730E-01  0.393191E+01
  12     1  0.370936E-01  0.165302E-01  0.205634E-01  0.433795E+00
  12     2  0.514756E-01  0.224163E-01  0.290593E-01  0.617843E+00
  12     3  0.826285E-01  0.343354E-01  0.482931E-01  0.124409E+01
  12     4  0.107088E+00  0.430538E-01  0.640338E-01  0.234792E+01
  12     5  0.117911E+00  0.468544E-01  0.710561E-01  0.335913E+01
  12     6  0.121126E+00  0.479602E-01  0.731659E-01  0.378163E+01
  12     7  0.121981E+00  0.482560E-01  0.737254E-01  0.390861E+01
  12     8  0.122231E+00  0.483677E-01  0.738630E-01  0.394606E+01
  12     9  0.122354E+00  0.484119E-01  0.739422E-01  0.396024E+01
  13     1  0.394325E-01  0.175228E-01  0.219097E-01  0.432194E+00
  13     2  0.548645E-01  0.238492E-01  0.310153E-01  0.612620E+00
  13     3  0.883889E-01  0.366423E-01  0.517466E-01  0.122604E+01
  13     4  0.114771E+00  0.460659E-01  0.687055E-01  0.231678E+01
  13     5  0.126576E+00  0.502551E-01  0.763210E-01  0.335046E+01
  13     6  0.130209E+00  0.515082E-01  0.787012E-01  0.379719E+01
  13     7  0.131127E+00  0.518602E-01  0.792672E-01  0.392925E+01
  13     8  0.131430E+00  0.519786E-01  0.794518E-01  0.397052E+01
  13     9  0.131525E+00  0.520217E-01  0.795030E-01  0.398507E+01
  14     1  0.417473E-01  0.185090E-01  0.232382E-01  0.430599E+00
  14     2  0.582535E-01  0.252624E-01  0.329911E-01  0.607334E+00
  14     3  0.940742E-01  0.389229E-01  0.551513E-01  0.120872E+01
  14     4  0.122442E+00  0.490714E-01  0.733707E-01  0.228596E+01
  14     5  0.135281E+00  0.536480E-01  0.816326E-01  0.333927E+01
  14     6  0.139310E+00  0.550839E-01  0.842262E-01  0.380927E+01
  14     7  0.140361E+00  0.554731E-01  0.848875E-01  0.394870E+01
  14     8  0.140632E+00  0.555975E-01  0.850344E-01  0.399114E+01
  14     9  0.140727E+00  0.556508E-01  0.850759E-01  0.400777E+01
  15     1  0.439695E-01  0.194562E-01  0.245134E-01  0.428971E+00
  15     2  0.615385E-01  0.266281E-01  0.349104E-01  0.602527E+00
  15     3  0.997535E-01  0.411894E-01  0.585641E-01  0.119167E+01
  15     4  0.130093E+00  0.520696E-01  0.780235E-01  0.225531E+01
  15     5  0.144043E+00  0.570980E-01  0.869446E-01  0.332618E+01
  15     6  0.148418E+00  0.586629E-01  0.897550E-01  0.381855E+01
  15     7  0.149565E+00  0.590948E-01  0.904700E-01  0.396723E+01
  15     8  0.149879E+00  0.592420E-01  0.906367E-01  0.401116E+01
  15     9  0.149998E+00  0.592790E-01  0.907192E-01  0.402633E+01
  16     1  0.461093E-01  0.203442E-01  0.257650E-01  0.427464E+00
  16     2  0.647558E-01  0.279433E-01  0.368125E-01  0.597733E+00
  16     3  0.105386E+00  0.434320E-01  0.619545E-01  0.117540E+01
  16     4  0.137772E+00  0.550655E-01  0.827065E-01  0.222508E+01
  16     5  0.152795E+00  0.604963E-01  0.922984E-01  0.331040E+01
  16     6  0.157546E+00  0.622251E-01  0.953207E-01  0.382688E+01
  16     7  0.158802E+00  0.627039E-01  0.960984E-01  0.398183E+01
  16     8  0.159182E+00  0.628771E-01  0.963044E-01  0.402889E+01
  16     9  0.159262E+00  0.629093E-01  0.963525E-01  0.404493E+01
  17     1  0.481997E-01  0.212086E-01  0.269911E-01  0.425956E+00
  17     2  0.679295E-01  0.292512E-01  0.386782E-01  0.593250E+00
  17     3  0.110979E+00  0.456402E-01  0.653383E-01  0.115978E+01
  17     4  0.145397E+00  0.580241E-01  0.873731E-01  0.219574E+01
  17     5  0.161524E+00  0.638992E-01  0.976250E-01  0.329391E+01
  17     6  0.166706E+00  0.658098E-01  0.100896E+00  0.383337E+01
  17     7  0.168048E+00  0.663279E-01  0.101720E+00  0.399590E+01
  17     8  0.168467E+00  0.665079E-01  0.101959E+00  0.404535E+01
  17     9  0.168633E+00  0.666036E-01  0.102030E+00  0.406366E+01
  18     1  0.502228E-01  0.220485E-01  0.281743E-01  0.424518E+00
  18     2  0.710402E-01  0.305073E-01  0.405328E-01  0.588988E+00
  18     3  0.116523E+00  0.478369E-01  0.686860E-01  0.114502E+01
  18     4  0.153014E+00  0.609887E-01  0.920251E-01  0.216658E+01
  18     5  0.170281E+00  0.673192E-01  0.102962E+00  0.327650E+01
  18     6  0.175888E+00  0.694097E-01  0.106478E+00  0.383730E+01
  18     7  0.177356E+00  0.699835E-01  0.107372E+00  0.400932E+01
  18     8  0.177778E+00  0.701769E-01  0.107601E+00  0.405994E+01
  18     9  0.177950E+00  0.702697E-01  0.107681E+00  0.407826E+01
  19     1  0.521975E-01  0.228516E-01  0.293459E-01  0.423170E+00
  19     2  0.741156E-01  0.317516E-01  0.423641E-01  0.584857E+00
  19     3  0.122064E+00  0.500200E-01  0.720442E-01  0.113066E+01
  19     4  0.160629E+00  0.639130E-01  0.967161E-01  0.213860E+01
  19     5  0.179020E+00  0.707033E-01  0.108316E+00  0.325715E+01
  19     6  0.185083E+00  0.729995E-01  0.112083E+00  0.384094E+01
  19     7  0.186698E+00  0.736460E-01  0.113052E+00  0.401954E+01
  19     8  0.187151E+00  0.738557E-01  0.113295E+00  0.407246E+01
  19     9  0.187290E+00  0.739277E-01  0.113363E+00  0.409149E+01
  20     1  0.540665E-01  0.235943E-01  0.304722E-01  0.422056E+00
  20     2  0.770893E-01  0.329359E-01  0.441534E-01  0.581055E+00
  20     3  0.127519E+00  0.521464E-01  0.753728E-01  0.111686E+01
  20     4  0.168208E+00  0.668608E-01  0.101348E+00  0.211092E+01
  20     5  0.187685E+00  0.740906E-01  0.113595E+00  0.323756E+01
  20     6  0.194260E+00  0.765777E-01  0.117682E+00  0.384317E+01
  20     7  0.196018E+00  0.772803E-01  0.118738E+00  0.402903E+01
  20     8  0.196525E+00  0.775244E-01  0.119001E+00  0.408638E+01
  20     9  0.196652E+00  0.776085E-01  0.119043E+00  0.410581E+01
  21     1  0.559188E-01  0.243264E-01  0.315923E-01  0.420902E+00
  21     2  0.800579E-01  0.341174E-01  0.459406E-01  0.577681E+00
  21     3  0.132959E+00  0.542615E-01  0.786971E-01  0.110405E+01
  21     4  0.175769E+00  0.697476E-01  0.106021E+00  0.208421E+01
  21     5  0.196470E+00  0.774738E-01  0.118996E+00  0.321739E+01
  21     6  0.203504E+00  0.801926E-01  0.123312E+00  0.384401E+01
  21     7  0.205346E+00  0.809563E-01  0.124389E+00  0.403845E+01
  21     8  0.205869E+00  0.812107E-01  0.124659E+00  0.409750E+01
  21     9  0.206094E+00  0.813198E-01  0.124775E+00  0.411695E+01
  22     1  0.576820E-01  0.250233E-01  0.326587E-01  0.419922E+00
  22     2  0.829169E-01  0.352543E-01  0.476625E-01  0.574060E+00
  22     3  0.138342E+00  0.563352E-01  0.820066E-01  0.109110E+01
  22     4  0.183280E+00  0.726663E-01  0.110613E+00  0.205878E+01
  22     5  0.205187E+00  0.808666E-01  0.124320E+00  0.319606E+01
  22     6  0.212781E+00  0.838103E-01  0.128971E+00  0.384350E+01
  22     7  0.214750E+00  0.846369E-01  0.130113E+00  0.404684E+01
  22     8  0.215345E+00  0.849129E-01  0.130432E+00  0.410630E+01
  22     9  0.215461E+00  0.849763E-01  0.130485E+00  0.412826E+01
  23     1  0.593936E-01  0.256782E-01  0.337154E-01  0.419090E+00
  23     2  0.857526E-01  0.363480E-01  0.494047E-01  0.571067E+00
  23     3  0.143696E+00  0.584001E-01  0.852956E-01  0.107912E+01
  23     4  0.190862E+00  0.755385E-01  0.115324E+00  0.203335E+01
  23     5  0.213901E+00  0.842506E-01  0.129650E+00  0.317489E+01
  23     6  0.222025E+00  0.874185E-01  0.134607E+00  0.384283E+01
  23     7  0.224121E+00  0.882872E-01  0.135834E+00  0.405399E+01
  23     8  0.224663E+00  0.885722E-01  0.136091E+00  0.411565E+01
  23     9  0.224920E+00  0.886845E-01  0.136235E+00  0.413780E+01
  24     1  0.610503E-01  0.263166E-01  0.347337E-01  0.418361E+00
  24     2  0.885062E-01  0.374158E-01  0.510904E-01  0.568035E+00
  24     3  0.149022E+00  0.604425E-01  0.885798E-01  0.106769E+01
  24     4  0.198314E+00  0.783721E-01  0.119942E+00  0.200943E+01
  24     5  0.222580E+00  0.875973E-01  0.134983E+00  0.315322E+01
  24     6  0.231258E+00  0.910021E-01  0.140256E+00  0.384078E+01
  24     7  0.233488E+00  0.919573E-01  0.141531E+00  0.406096E+01
  24     8  0.234149E+00  0.922672E-01  0.141882E+00  0.412593E+01
  24     9  0.234336E+00  0.924089E-01  0.141928E+00  0.414910E+01
  25     1  0.626377E-01  0.269116E-01  0.357260E-01  0.417617E+00
  25     2  0.912552E-01  0.384479E-01  0.528073E-01  0.565432E+00
  25     3  0.154313E+00  0.624473E-01  0.918662E-01  0.105666E+01
  25     4  0.205758E+00  0.812208E-01  0.124537E+00  0.198561E+01
  25     5  0.231274E+00  0.909428E-01  0.140332E+00  0.313115E+01
  25     6  0.240470E+00  0.946140E-01  0.145856E+00  0.383828E+01
  25     7  0.242876E+00  0.956260E-01  0.147250E+00  0.406675E+01
  25     8  0.243576E+00  0.959701E-01  0.147606E+00  0.413409E+01
  25     9  0.243826E+00  0.960902E-01  0.147736E+00  0.415740E+01
  26     1  0.641821E-01  0.274802E-01  0.367019E-01  0.417062E+00
  26     2  0.939205E-01  0.394652E-01  0.544553E-01  0.562853E+00
  26     3  0.159548E+00  0.644237E-01  0.951241E-01  0.104629E+01
  26     4  0.213284E+00  0.840804E-01  0.129203E+00  0.196282E+01
  26     5  0.239928E+00  0.942653E-01  0.145663E+00  0.310920E+01
  26     6  0.249740E+00  0.981954E-01  0.151545E+00  0.383441E+01
  26     7  0.252358E+00  0.993207E-01  0.153038E+00  0.407268E+01
  26     8  0.253094E+00  0.997248E-01  0.153369E+00  0.414266E+01
  26     9  0.253258E+00  0.997934E-01  0.153465E+00  0.416609E+01
  27     1  0.656877E-01  0.280319E-01  0.376558E-01  0.416535E+00
  27     2  0.965135E-01  0.404404E-01  0.560731E-01  0.560529E+00
  27     3  0.164744E+00  0.664053E-01  0.983383E-01  0.103595E+01
  27     4  0.220712E+00  0.868853E-01  0.133827E+00  0.194093E+01
  27     5  0.248621E+00  0.976214E-01  0.151000E+00  0.308708E+01
  27     6  0.258968E+00  0.101810E+00  0.157158E+00  0.383030E+01
  27     7  0.261683E+00  0.102996E+00  0.158688E+00  0.407654E+01
  27     8  0.262447E+00  0.103364E+00  0.159083E+00  0.414945E+01
  27     9  0.262659E+00  0.103502E+00  0.159157E+00  0.417322E+01
  28     1  0.671012E-01  0.285345E-01  0.385668E-01  0.416208E+00
  28     2  0.991285E-01  0.414033E-01  0.577252E-01  0.558500E+00
  28     3  0.169839E+00  0.683032E-01  0.101535E+00  0.102621E+01
  28     4  0.228100E+00  0.896567E-01  0.138444E+00  0.191922E+01
  28     5  0.257351E+00  0.100982E+00  0.156368E+00  0.306513E+01
  28     6  0.268232E+00  0.105390E+00  0.162842E+00  0.382709E+01
  28     7  0.271125E+00  0.106650E+00  0.164475E+00  0.408099E+01
  28     8  0.271910E+00  0.107066E+00  0.164844E+00  0.415562E+01
  28     9  0.272183E+00  0.107201E+00  0.164982E+00  0.418021E+01
  29     1  0.684747E-01  0.290105E-01  0.394642E-01  0.415878E+00
  29     2  0.101600E+00  0.423136E-01  0.592868E-01  0.556444E+00
  29     3  0.174973E+00  0.702246E-01  0.104748E+00  0.101742E+01
  29     4  0.235575E+00  0.924726E-01  0.143102E+00  0.189849E+01
  29     5  0.265983E+00  0.104280E+00  0.161703E+00  0.304267E+01
  29     6  0.277452E+00  0.108973E+00  0.168479E+00  0.382168E+01
  29     7  0.280542E+00  0.110363E+00  0.170179E+00  0.408603E+01
  29     8  0.281377E+00  0.110788E+00  0.170589E+00  0.416146E+01
  29     9  0.281686E+00  0.110947E+00  0.170739E+00  0.419021E+01
  30     1  0.698054E-01  0.294698E-01  0.403356E-01  0.415695E+00
  30     2  0.104049E+00  0.432000E-01  0.608488E-01  0.554784E+00
  30     3  0.180090E+00  0.721193E-01  0.107971E+00  0.100849E+01
  30     4  0.242873E+00  0.952055E-01  0.147668E+00  0.187830E+01
  30     5  0.274598E+00  0.107564E+00  0.167034E+00  0.302048E+01
  30     6  0.286757E+00  0.112624E+00  0.174133E+00  0.381618E+01
  30     7  0.289968E+00  0.114044E+00  0.175924E+00  0.408761E+01
  30     8  0.290836E+00  0.114480E+00  0.176356E+00  0.416804E+01
  30     9  0.291154E+00  0.114678E+00  0.176476E+00  0.419626E+01
  31     1  0.710889E-01  0.298917E-01  0.411972E-01  0.415690E+00
  31     2  0.106465E+00  0.440596E-01  0.624051E-01  0.553317E+00
  31     3  0.185222E+00  0.740011E-01  0.111221E+00  0.100019E+01
  31     4  0.250233E+00  0.979490E-01  0.152284E+00  0.185850E+01
  31     5  0.283261E+00  0.110880E+00  0.172381E+00  0.299842E+01
  31     6  0.295967E+00  0.116167E+00  0.179800E+00  0.380955E+01
  31     7  0.299478E+00  0.117754E+00  0.181724E+00  0.409127E+01
  31     8  0.300375E+00  0.118232E+00  0.182143E+00  0.417469E+01
  31     9  0.300612E+00  0.118392E+00  0.182220E+00  0.420250E+01
  32     1  0.723398E-01  0.303056E-01  0.420343E-01  0.415400E+00
  32     2  0.108859E+00  0.449050E-01  0.639543E-01  0.551703E+00
  32     3  0.190140E+00  0.758085E-01  0.114332E+00  0.992220E+00
  32     4  0.257612E+00  0.100725E+00  0.156887E+00  0.183958E+01
  32     5  0.291865E+00  0.114166E+00  0.177699E+00  0.297651E+01
  32     6  0.305232E+00  0.119745E+00  0.185487E+00  0.380272E+01
  32     7  0.308914E+00  0.121425E+00  0.187489E+00  0.409544E+01
  32     8  0.309913E+00  0.121931E+00  0.187982E+00  0.417946E+01
  32     9  0.310163E+00  0.122118E+00  0.188045E+00  0.420672E+01
  33     1  0.735265E-01  0.306880E-01  0.428386E-01  0.415508E+00
  33     2  0.111184E+00  0.457261E-01  0.654580E-01  0.550649E+00
  33     3  0.195146E+00  0.776255E-01  0.117521E+00  0.984859E+00
  33     4  0.264841E+00  0.103411E+00  0.161430E+00  0.182107E+01
  33     5  0.300570E+00  0.117479E+00  0.183091E+00  0.295510E+01
  33     6  0.314487E+00  0.123378E+00  0.191109E+00  0.379510E+01
  33     7  0.318377E+00  0.125120E+00  0.193257E+00  0.409652E+01
  33     8  0.319327E+00  0.125653E+00  0.193674E+00  0.418342E+01
  33     9  0.319633E+00  0.125834E+00  0.193800E+00  0.421153E+01
  34     1  0.746516E-01  0.310361E-01  0.436155E-01  0.415545E+00
  34     2  0.113437E+00  0.465049E-01  0.669326E-01  0.549524E+00
  34     3  0.200126E+00  0.794351E-01  0.120691E+00  0.977485E+00
  34     4  0.272123E+00  0.106100E+00  0.166022E+00  0.180311E+01
  34     5  0.309097E+00  0.120722E+00  0.188375E+00  0.293333E+01
  34     6  0.323801E+00  0.126969E+00  0.196832E+00  0.378888E+01
  34     7  0.327768E+00  0.128768E+00  0.198999E+00  0.409826E+01
  34     8  0.328869E+00  0.129352E+00  0.199517E+00  0.418878E+01
  34     9  0.329147E+00  0.129572E+00  0.199576E+00  0.421769E+01
  35     1  0.757620E-01  0.313930E-01  0.443690E-01  0.415786E+00
  35     2  0.115675E+00  0.472666E-01  0.684082E-01  0.548480E+00
  35     3  0.205007E+00  0.811736E-01  0.123834E+00  0.970532E+00
  35     4  0.279414E+00  0.108827E+00  0.170588E+00  0.178614E+01
  35     5  0.317663E+00  0.124008E+00  0.193655E+00  0.291263E+01
  35     6  0.332990E+00  0.130497E+00  0.202493E+00  0.378223E+01
  35     7  0.337275E+00  0.132503E+00  0.204771E+00  0.410028E+01
  35     8  0.338320E+00  0.133111E+00  0.205209E+00  0.419274E+01
  35     9  0.338692E+00  0.133292E+00  0.205400E+00  0.422407E+01
  36     1  0.767818E-01  0.316837E-01  0.450982E-01  0.415935E+00
  36     2  0.117857E+00  0.479933E-01  0.698634E-01  0.547743E+00
  36     3  0.209908E+00  0.829562E-01  0.126952E+00  0.963741E+00
  36     4  0.286663E+00  0.111475E+00  0.175189E+00  0.176905E+01
  36     5  0.326217E+00  0.127231E+00  0.198986E+00  0.289120E+01
  36     6  0.342289E+00  0.134129E+00  0.208160E+00  0.377456E+01
  36     7  0.346659E+00  0.136165E+00  0.210494E+00  0.410174E+01
  36     8  0.347816E+00  0.136778E+00  0.211038E+00  0.419618E+01
  36     9  0.348168E+00  0.137009E+00  0.211159E+00  0.422679E+01
  37     1  0.777699E-01  0.319550E-01  0.458149E-01  0.416239E+00
  37     2  0.120041E+00  0.487010E-01  0.713401E-01  0.546958E+00
  37     3  0.214713E+00  0.846253E-01  0.130087E+00  0.957590E+00
  37     4  0.293922E+00  0.114147E+00  0.179774E+00  0.175269E+01
  37     5  0.334824E+00  0.130484E+00  0.204339E+00  0.287035E+01
  37     6  0.351490E+00  0.137679E+00  0.213811E+00  0.376531E+01
  37     7  0.356090E+00  0.139827E+00  0.216264E+00  0.410210E+01
  37     8  0.357395E+00  0.140521E+00  0.216875E+00  0.420086E+01
  37     9  0.357797E+00  0.140801E+00  0.216996E+00  0.423144E+01
  38     1  0.787497E-01  0.322218E-01  0.465279E-01  0.416488E+00
  38     2  0.122175E+00  0.494169E-01  0.727582E-01  0.546350E+00
  38     3  0.219574E+00  0.863446E-01  0.133230E+00  0.951640E+00
  38     4  0.301092E+00  0.116763E+00  0.184329E+00  0.173702E+01
  38     5  0.343304E+00  0.133688E+00  0.209616E+00  0.284982E+01
  38     6  0.360740E+00  0.141279E+00  0.219461E+00  0.375739E+01
  38     7  0.365681E+00  0.143585E+00  0.222096E+00  0.410371E+01
  38     8  0.366841E+00  0.144233E+00  0.222608E+00  0.420316E+01
  38     9  0.367216E+00  0.144493E+00  0.222724E+00  0.423733E+01
  39     1  0.796307E-01  0.324482E-01  0.471825E-01  0.416807E+00
  39     2  0.124188E+00  0.500460E-01  0.741423E-01  0.545808E+00
  39     3  0.224359E+00  0.880201E-01  0.136339E+00  0.945868E+00
  39     4  0.308358E+00  0.119396E+00  0.188962E+00  0.172130E+01
  39     5  0.351975E+00  0.136999E+00  0.214976E+00  0.282988E+01
  39     6  0.369946E+00  0.144805E+00  0.225141E+00  0.374941E+01
  39     7  0.375095E+00  0.147257E+00  0.227838E+00  0.410499E+01
  39     8  0.376424E+00  0.147973E+00  0.228451E+00  0.420800E+01
  39     9  0.376795E+00  0.148257E+00  0.228538E+00  0.424124E+01
  40     1  0.805624E-01  0.326882E-01  0.478741E-01  0.417246E+00
  40     2  0.126263E+00  0.507088E-01  0.755544E-01  0.545410E+00
  40     3  0.229108E+00  0.896749E-01  0.139433E+00  0.940375E+00
  40     4  0.315503E+00  0.122016E+00  0.193487E+00  0.170672E+01
  40     5  0.360441E+00  0.140187E+00  0.220254E+00  0.280944E+01
  40     6  0.379244E+00  0.148401E+00  0.230843E+00  0.374060E+01
  40     7  0.384544E+00  0.150890E+00  0.233654E+00  0.410455E+01
  40     8  0.386007E+00  0.151741E+00  0.234266E+00  0.420948E+01
  40     9  0.386308E+00  0.151911E+00  0.234397E+00  0.424443E+01
  41     1  0.813897E-01  0.328859E-01  0.485038E-01  0.417536E+00
  41     2  0.128223E+00  0.513298E-01  0.768930E-01  0.545139E+00
  41     3  0.233817E+00  0.913268E-01  0.142490E+00  0.935186E+00
  41     4  0.322684E+00  0.124646E+00  0.198038E+00  0.169186E+01
  41     5  0.368994E+00  0.143409E+00  0.225585E+00  0.278996E+01
  41     6  0.388447E+00  0.151949E+00  0.236499E+00  0.373076E+01
  41     7  0.394089E+00  0.154636E+00  0.239453E+00  0.410500E+01
  41     8  0.395471E+00  0.155416E+00  0.240054E+00  0.421277E+01
  41     9  0.395794E+00  0.155689E+00  0.240105E+00  0.424772E+01
  42     1  0.821889E-01  0.330814E-01  0.491075E-01  0.418123E+00
  42     2  0.130114E+00  0.518842E-01  0.782301E-01  0.545039E+00
  42     3  0.238538E+00  0.929482E-01  0.145590E+00  0.930373E+00
  42     4  0.329744E+00  0.127190E+00  0.202554E+00  0.167804E+01
  42     5  0.377498E+00  0.146578E+00  0.230920E+00  0.277018E+01
  42     6  0.397684E+00  0.155525E+00  0.242159E+00  0.372152E+01
  42     7  0.403510E+00  0.158299E+00  0.245211E+00  0.410368E+01
  42     8  0.404982E+00  0.159179E+00  0.245803E+00  0.421665E+01
  42     9  0.405505E+00  0.159494E+00  0.246010E+00  0.425196E+01
  43     1  0.829595E-01  0.332271E-01  0.497323E-01  0.418460E+00
  43     2  0.132100E+00  0.524612E-01  0.796388E-01  0.545165E+00
  43     3  0.243156E+00  0.945059E-01  0.148650E+00  0.925587E+00
  43     4  0.336995E+00  0.129774E+00  0.207221E+00  0.166403E+01
  43     5  0.386041E+00  0.149754E+00  0.236286E+00  0.275127E+01
  43     6  0.406905E+00  0.159082E+00  0.247823E+00  0.371233E+01
  43     7  0.412975E+00  0.161977E+00  0.250998E+00  0.410578E+01
  43     8  0.414589E+00  0.162900E+00  0.251689E+00  0.421800E+01
  43     9  0.414969E+00  0.163247E+00  0.251723E+00  0.425436E+01
  44     1  0.836856E-01  0.333844E-01  0.503012E-01  0.418989E+00
  44     2  0.133911E+00  0.529968E-01  0.809141E-01  0.545062E+00
  44     3  0.247836E+00  0.960628E-01  0.151773E+00  0.920981E+00
  44     4  0.344066E+00  0.132307E+00  0.211758E+00  0.165055E+01
  44     5  0.394574E+00  0.152999E+00  0.241575E+00  0.273197E+01
  44     6  0.416173E+00  0.162645E+00  0.253528E+00  0.370303E+01
  44     7  0.422528E+00  0.165749E+00  0.256778E+00  0.410428E+01
  44     8  0.424170E+00  0.166626E+00  0.257544E+00  0.422190E+01
  44     9  0.424677E+00  0.167000E+00  0.257676E+00  0.425752E+01
  45     1  0.843564E-01  0.335166E-01  0.508398E-01  0.419446E+00
  45     2  0.135741E+00  0.535403E-01  0.822005E-01  0.545004E+00
  45     3  0.252463E+00  0.976398E-01  0.154823E+00  0.916887E+00
  45     4  0.351153E+00  0.134847E+00  0.216306E+00  0.163766E+01
  45     5  0.403015E+00  0.156143E+00  0.246872E+00  0.271353E+01
  45     6  0.425330E+00  0.166171E+00  0.259159E+00  0.369357E+01
  45     7  0.431910E+00  0.169403E+00  0.262507E+00  0.410278E+01
  45     8  0.433547E+00  0.170308E+00  0.263238E+00  0.422174E+01
  45     9  0.434091E+00  0.170680E+00  0.263411E+00  0.426020E+01
  46     1  0.850354E-01  0.336251E-01  0.514104E-01  0.419934E+00
  46     2  0.137605E+00  0.540663E-01  0.835389E-01  0.545432E+00
  46     3  0.257053E+00  0.991694E-01  0.157883E+00  0.912876E+00
  46     4  0.358170E+00  0.137362E+00  0.220808E+00  0.162536E+01
  46     5  0.411462E+00  0.159303E+00  0.252158E+00  0.269489E+01
  46     6  0.434546E+00  0.169682E+00  0.264864E+00  0.368299E+01
  46     7  0.441424E+00  0.173066E+00  0.268358E+00  0.410338E+01
  46     8  0.443073E+00  0.174051E+00  0.269022E+00  0.422419E+01
  46     9  0.443677E+00  0.174431E+00  0.269246E+00  0.426465E+01
  47     1  0.856009E-01  0.336980E-01  0.519029E-01  0.420406E+00
  47     2  0.139353E+00  0.545602E-01  0.847927E-01  0.545566E+00
  47     3  0.261649E+00  0.100707E+00  0.160942E+00  0.908948E+00
  47     4  0.365260E+00  0.139875E+00  0.225385E+00  0.161305E+01
  47     5  0.419901E+00  0.162463E+00  0.257438E+00  0.267696E+01
  47     6  0.443815E+00  0.173272E+00  0.270542E+00  0.367343E+01
  47     7  0.450945E+00  0.176767E+00  0.274178E+00  0.410267E+01
  47     8  0.452723E+00  0.177857E+00  0.274866E+00  0.422695E+01
  47     9  0.453218E+00  0.178153E+00  0.275066E+00  0.426694E+01
  48     1  0.862066E-01  0.337812E-01  0.524254E-01  0.421085E+00
  48     2  0.141077E+00  0.550238E-01  0.860536E-01  0.545893E+00
  48     3  0.266181E+00  0.102186E+00  0.163995E+00  0.905503E+00
  48     4  0.372310E+00  0.142399E+00  0.229911E+00  0.160068E+01
  48     5  0.428338E+00  0.165590E+00  0.262748E+00  0.265902E+01
  48     6  0.452892E+00  0.176798E+00  0.276093E+00  0.366280E+01
  48     7  0.460447E+00  0.180456E+00  0.279991E+00  0.410036E+01
  48     8  0.462257E+00  0.181594E+00  0.280663E+00  0.422992E+01
  48     9  0.462758E+00  0.181940E+00  0.280818E+00  0.426976E+01
  49     1  0.867537E-01  0.338528E-01  0.529009E-01  0.421581E+00
  49     2  0.142723E+00  0.554446E-01  0.872787E-01  0.546200E+00
  49     3  0.270705E+00  0.103641E+00  0.167064E+00  0.901976E+00
  49     4  0.379307E+00  0.144868E+00  0.234439E+00  0.158926E+01
  49     5  0.436800E+00  0.168740E+00  0.268060E+00  0.264151E+01
  49     6  0.462063E+00  0.180288E+00  0.281775E+00  0.365305E+01
  49     7  0.469945E+00  0.184172E+00  0.285773E+00  0.409994E+01
  49     8  0.471710E+00  0.185233E+00  0.286477E+00  0.423199E+01
  49     9  0.472383E+00  0.185686E+00  0.286697E+00  0.427346E+01
  50     1  0.872750E-01  0.338963E-01  0.533786E-01  0.422004E+00
  50     2  0.144409E+00  0.558842E-01  0.885249E-01  0.546731E+00
  50     3  0.275261E+00  0.105135E+00  0.170127E+00  0.898741E+00
  50     4  0.386323E+00  0.147347E+00  0.238977E+00  0.157813E+01
  50     5  0.445262E+00  0.171870E+00  0.273391E+00  0.262431E+01
  50     6  0.471433E+00  0.183863E+00  0.287569E+00  0.364234E+01
  50     7  0.479380E+00  0.187818E+00  0.291561E+00  0.409811E+01
  50     8  0.481425E+00  0.189097E+00  0.292328E+00  0.423120E+01
  50     9  0.481965E+00  0.189464E+00  0.292501E+00  0.427629E+01
